  position(cm)    EK(MeV)  xrms size(cm)   yrms size(cm)   zrms size(cm)   zrms size(deg)   pxrms(mrad)   pyrms(mrad)   pzrms(mrad)   Nemitx(cm*mrad)  Nemity(cm*mrad)  Nemitz(cm*rad)  Nemitz(KeV*ns)    betax(cm/rad)  betay(cm*rad)  betaz(cm*rad)  alphax         alphay         alphaz         transm         MBtransm     
      0.0999569       0.149999       0.102727       0.110458    0.000942856       0.033943        106.028        104.678      0.0930626        1.93543        2.05363    1.56797e-05    0.000169326       0.975007         1.0624        10.1383      -0.112745      -0.116826       -0.03699           1000           1000
       0.199956       0.149999        0.10443       0.112175    0.000943184      0.0339548        106.008        104.701      0.0983773        1.93544        2.05363    1.65802e-05    0.000179051        1.00759        1.09568        9.59437      -0.214815      -0.214192     -0.0380993           1000           1000
       0.299955       0.149998        0.10714       0.114845    0.000943575      0.0339689        105.968        104.744       0.108796        1.93544        2.05363    1.83414e-05     0.00019807        1.06057        1.14846        8.68029      -0.316748      -0.311696     -0.0412516           1000           1000
       0.399954       0.149998       0.110783       0.118405    0.000944084      0.0339872         105.91        104.806       0.123593        1.93544        2.05364    2.08416e-05     0.00022507        1.13391        1.22077        7.64722      -0.418472      -0.409408     -0.0474321           1000           1000
       0.499953       0.149998       0.115267       0.122781    0.000944792      0.0340127        105.832        104.888       0.142114        1.93545        2.05364    2.39708e-05    0.000258862        1.22755        1.31265        6.65892      -0.519912      -0.507399     -0.0570288           1000           1000
       0.599952       0.149998       0.120495        0.12789    0.000945802      0.0340491        105.736        104.989       0.163902        1.93545        2.05364    2.76525e-05    0.000298621        1.34144        1.42418        5.78469      -0.620995       -0.60574     -0.0701198           1000           1000
       0.699951       0.149998       0.126372       0.133654     0.00094725      0.0341012        105.621        105.109       0.188692        1.93545        2.05364    3.18423e-05    0.000343867        1.47548        1.55544        5.03893      -0.721649      -0.704502      -0.086702           1000           1000
        0.79995       0.149998       0.132808       0.139994    0.000949308      0.0341753        105.487        105.249        0.21635        1.93546        2.05364    3.65187e-05    0.000394367        1.62959        1.70651        4.41279        -0.8218      -0.803757      -0.106796           1000           1000
       0.899949       0.149998       0.139721       0.146841    0.000952192      0.0342792        105.335        105.409       0.246828        1.93546        2.05364    4.16742e-05    0.000450042        1.80364        1.87751        3.89041      -0.921377      -0.903576      -0.130475           1000           1000
       0.999948       0.149997       0.147039       0.154131    0.000956163      0.0344222        105.163        105.587       0.280125        1.93546        2.05364      4.731e-05    0.000510903        1.99752        2.06856        3.45561       -1.02031       -1.00403      -0.157867           1000           1000
        1.09995       0.149997         0.1547       0.161809    0.000961542      0.0346158        104.973        105.786       0.316265        1.93547        2.05364    5.34318e-05    0.000577011         2.2111        2.27979        3.09421       -1.11852        -1.1052      -0.189144           1000           1000
        1.19995       0.149997        0.16265       0.169828    0.000968705      0.0348737        104.764        106.004       0.355281        1.93547        2.05363     6.0048e-05     0.00064846         2.4442        2.51136        2.79446       -1.21594       -1.20715      -0.224515           1000           1000
        1.29994       0.149996       0.170845       0.178147    0.000978095      0.0352118        104.537        106.241       0.397215        1.93547        2.05363    6.71688e-05    0.000725356        2.69668        2.76343        2.54688       -1.31251       -1.30995      -0.264211           1000           1000
        1.39994       0.149996       0.179244       0.186732     0.00099022      0.0356484        104.291        106.498       0.442104        1.93548        2.05363    7.48051e-05    0.000807819        2.96835        3.03619        2.34394       -1.40815       -1.41369      -0.308483           1000           1000
        1.49994       0.149995       0.187815       0.195553     0.00100565      0.0362039        104.027        106.775       0.489988        1.93548        2.05362    8.29689e-05    0.000895979        3.25901        3.32982        2.17967       -1.50278       -1.51843      -0.357588           1000           1000
        1.59994       0.149995       0.196529       0.204585       0.001025      0.0369008        103.744        107.072       0.540899        1.93548        2.05362    9.16731e-05    0.000989973        3.56845        3.64454        2.04938       -1.59636       -1.62425       -0.41179           1000           1000
        1.69994       0.149994       0.205364       0.213809     0.00104896      0.0377632        103.442        107.388        0.59487        1.93548        2.05361    0.000100932     0.00108995        3.89647        3.98058         1.9494        -1.6888       -1.73124      -0.471348           1000           1000
        1.79993       0.149993       0.214296       0.223206     0.00107821      0.0388163        103.122        107.725       0.651929        1.93548        2.05361     0.00011076     0.00119609        4.24281        4.33817        1.87687       -1.78004       -1.83946      -0.536516           1000           1000
        1.89993       0.149992        0.22331       0.232761     0.00111346      0.0400857        102.784        108.081       0.712102        1.93549         2.0536    0.000121175     0.00130855        4.60724        4.71757        1.82958       -1.87002         -1.949      -0.607535           1000           1000
        1.99993       0.149991       0.232389       0.242463     0.00115543      0.0415966        102.428        108.457       0.775411        1.93549        2.05359    0.000132196     0.00142756        4.98949        5.11905        1.80584       -1.95866       -2.05993      -0.684632           1000           1000
        2.09992        0.14999       0.241521         0.2523     0.00120477      0.0433733        102.054        108.854       0.841878        1.93549        2.05358    0.000143844     0.00155333        5.38928         5.5429         1.8044       -2.04591       -2.17234      -0.768013           1000           1000
        2.19992       0.149988       0.250692       0.262265     0.00126213      0.0454384        101.661         109.27       0.911524        1.93549        2.05357    0.000156142     0.00168613        5.80634        5.98943        1.82432       -2.13171       -2.28631      -0.857861           1000           1000
        2.29991       0.149986       0.259893        0.27235     0.00132807      0.0478126        101.251        109.707       0.984366        1.93549        2.05356    0.000169118     0.00182624        6.24037        6.45895        1.86494       -2.21599       -2.40191      -0.954331           1000           1000
        2.39991       0.149984       0.269114       0.282549     0.00140311      0.0505145        100.823        110.164        1.06042        1.93549        2.05355    0.000182801     0.00197399        6.69105        6.95179        1.92582       -2.29869       -2.51925       -1.05755           1000           1000
         2.4999       0.149982       0.278347       0.292857     0.00148769      0.0535601        100.377        110.642        1.13971        1.93549        2.05354    0.000197225     0.00212973        7.15806        7.46832        2.00668       -2.37975       -2.63839        -1.1676           1000           1000
        2.59989       0.149974       0.287619       0.303258      0.0015797      0.0568742         100.23        111.026        1.18887        1.93513        2.05344    0.000206214     0.00222674        7.64433        8.00859        2.16395       -2.46909       -2.75623       -1.28539           1000           1000
        2.69988       0.149974        0.29694       0.313706      0.0016751      0.0603087         100.23        111.026        1.18887        1.93518        2.05336    0.000206214     0.00222674        8.14761        8.57027        2.43318       -2.56191       -2.86358       -1.40791           1000           1000
        2.79988       0.149974       0.306307       0.324197     0.00177333      0.0638453         100.23        111.026        1.18887        1.93524        2.05328    0.000206215     0.00222675        8.66945        9.15342        2.72692       -2.65473       -2.97094       -1.53043           1000           1000
        2.89987       0.149974       0.315713       0.334726     0.00187395      0.0674679         100.23        111.026        1.18887        1.93529         2.0532    0.000206215     0.00222675        9.20985        9.75804        3.04514       -2.74754       -3.07831       -1.65295           1000           1000
        2.99986       0.149974       0.325158       0.345291     0.00197659      0.0711633         100.23        111.026        1.18887        1.93535        2.05312    0.000206215     0.00222675        9.76882        10.3841        3.38787       -2.84035       -3.18568       -1.77547           1000           1000
        3.09985       0.149974       0.334636       0.355888     0.00208096       0.074921         100.23        111.026        1.18887        1.93541        2.05304    0.000206215     0.00222675        10.3463        11.0317        3.75509       -2.93315       -3.29307       -1.89799           1000           1000
        3.19984       0.149974       0.344145       0.366514     0.00218681      0.0787318         100.23        111.026        1.18887        1.93546        2.05296    0.000206215     0.00222676        10.9424        11.7008         4.1468       -3.02594       -3.40046       -2.02051           1000           1000
        3.29983       0.149974       0.353684       0.377167     0.00229393      0.0825885         100.23        111.026        1.18887        1.93552        2.05288    0.000206216     0.00222676         11.557        12.3913        4.56301       -3.11873       -3.50786       -2.14303           1000           1000
        3.39982       0.149974       0.363248       0.387844     0.00240215      0.0864849         100.23        111.026        1.18887        1.93557         2.0528    0.000206216     0.00222676        12.1902        13.1034        5.00371       -3.21152       -3.61527       -2.26555           1000           1000
        3.49981       0.149974       0.372837       0.398544     0.00251134      0.0904159         100.23        111.026        1.18887        1.93563        2.05271    0.000206216     0.00222677        12.8419        13.8369         5.4689        -3.3043       -3.72269       -2.38807           1000           1000
         3.5998       0.149974       0.382449       0.409265     0.00262136      0.0943771         100.23        111.026        1.18887        1.93568        2.05263    0.000206217     0.00222677        13.5122        14.5919         5.9586       -3.39707       -3.83012       -2.51059           1000           1000
        3.69979       0.149974       0.392082       0.420006     0.00273213       0.098365         100.23        111.026        1.18887        1.93574        2.05255    0.000206217     0.00222677        14.2011        15.3684        6.47278       -3.48984       -3.93755        -2.6331           1000           1000
        3.79979       0.149974       0.401734       0.430764     0.00284354       0.102376         100.23        111.026        1.18887        1.93579        2.05247    0.000206217     0.00222678        14.9084        16.1664        7.01146       -3.58261         -4.045       -2.75562           1000           1000
        3.89978       0.149974       0.411404       0.441538     0.00295554       0.106409         100.23        111.026        1.18887        1.93585        2.05239    0.000206218     0.00222678        15.6343        16.9859        7.57463       -3.67536       -4.15245       -2.87814           1000           1000
        3.99977       0.149974       0.421091       0.452328     0.00306805       0.110459         100.23        111.026        1.18887        1.93591        2.05231    0.000206218     0.00222678        16.3788        17.8269         8.1623       -3.76812       -4.25991       -3.00065           1000           1000
        4.09976       0.149974       0.430794       0.463132     0.00318102       0.114527         100.23        111.026        1.18887        1.93596        2.05223    0.000206218     0.00222679        17.1418        18.6895        8.77445       -3.86086       -4.36738       -3.12317           1000           1000
        4.19975       0.149974       0.440511       0.473949     0.00329441       0.118609         100.23        111.026        1.18887        1.93602        2.05215    0.000206219     0.00222679        17.9233        19.5735        9.41111       -3.95361       -4.47485       -3.24568           1000           1000
        4.29974       0.149974       0.450243       0.484779     0.00340817       0.122705         100.23        111.026        1.18887        1.93607        2.05207    0.000206219      0.0022268        18.7234         20.479        10.0723       -4.04634       -4.58234       -3.36819           1000           1000
        4.39973       0.149974       0.459986       0.495621     0.00352226       0.126812         100.23        111.026        1.18887        1.93613        2.05199    0.000206219      0.0022268         19.542        21.4061        10.7579       -4.13907       -4.68983       -3.49071           1000           1000
        4.49972       0.149974       0.469742       0.506473     0.00363666       0.130931         100.23        111.026        1.18887        1.93618        2.05191     0.00020622      0.0022268        20.3792        22.3546         11.468        -4.2318       -4.79733       -3.61322           1000           1000
        4.59971       0.149974        0.47951       0.517335     0.00375133        0.13506         100.23        111.026        1.18887        1.93624        2.05183     0.00020622     0.00222681        21.2349        23.3247        12.2026       -4.32452       -4.90484       -3.73573           1000           1000
        4.69971       0.149974       0.489288       0.528207     0.00386626       0.139197         100.23        111.026        1.18887        1.93629        2.05175    0.000206221     0.00222681        22.1091        24.3163        12.9617       -4.41724       -5.01236       -3.85824           1000           1000
         4.7997       0.149974       0.499075       0.539088     0.00398142       0.143343         100.23        111.026        1.18887        1.93635        2.05167    0.000206221     0.00222682        23.0018        25.3294        13.7454       -4.50995       -5.11989       -3.98075           1000           1000
        4.89969       0.149974       0.508873       0.549977     0.00409679       0.147497         100.23        111.026        1.18887        1.93641        2.05159    0.000206222     0.00222682        23.9131        26.3641        14.5534       -4.60265       -5.22742       -4.10326           1000           1000
        4.99968       0.149974       0.518679       0.560874     0.00421235       0.151658         100.23        111.026        1.18887        1.93646        2.05151    0.000206222     0.00222683        24.8429        27.4202         15.386       -4.69535       -5.33497       -4.22577           1000           1000
        5.09967       0.149974       0.528494       0.571779     0.00432809       0.155824         100.23        111.026        1.18887        1.93652        2.05143    0.000206223     0.00222683        25.7912        28.4979        16.2431       -4.78804       -5.44252       -4.34827           1000           1000
        5.19966       0.149974       0.538316       0.582691     0.00444399       0.159997         100.23        111.026        1.18887        1.93657        2.05135    0.000206223     0.00222684         26.758        29.5972        17.1247       -4.88073       -5.55008       -4.47078           1000           1000
        5.29965       0.149974       0.548146       0.593609     0.00456004       0.164176         100.23        111.026        1.18887        1.93663        2.05127    0.000206224     0.00222684        27.7434        30.7179        18.0307       -4.97342       -5.65765       -4.59329           1000           1000
        5.39964       0.149974       0.557983       0.604534     0.00467624       0.168359         100.23        111.026        1.18887        1.93669        2.05119    0.000206224     0.00222685        28.7473        31.8602        18.9613       -5.06609       -5.76522       -4.71579           1000           1000
        5.49963       0.149974       0.567827       0.615464     0.00479256       0.172547         100.23        111.026        1.18887        1.93674        2.05111    0.000206225     0.00222686        29.7697        33.0241        19.9163       -5.15877       -5.87281        -4.8383           1000           1000
        5.59962       0.149974       0.577678       0.626401     0.00490901        0.17674         100.23        111.026        1.18887         1.9368        2.05103    0.000206225     0.00222686        30.8106        34.2094        20.8958       -5.25143        -5.9804        -4.9608           1000           1000
        5.69962       0.149974       0.587534       0.637342     0.00502557       0.180936         100.23        111.026        1.18887        1.93685        2.05095    0.000206226     0.00222687        31.8701        35.4164        21.8998       -5.34409         -6.088        -5.0833           1000           1000
        5.79961       0.149974       0.597396       0.648289     0.00514223       0.185136         100.23        111.026        1.18887        1.93691        2.05087    0.000206226     0.00222687         32.948        36.6449        22.9283       -5.43675       -6.19561        -5.2058           1000           1000
         5.8996       0.149974       0.607264       0.659241     0.00525899        0.18934         100.23        111.026        1.18887        1.93696        2.05079    0.000206227     0.00222688        34.0445        37.8949        23.9813        -5.5294       -6.30323        -5.3283           1000           1000
        5.99959       0.149974       0.617137       0.670197     0.00537584       0.193547         100.23        111.026        1.18887        1.93702        2.05071    0.000206227     0.00222689        35.1594        39.1665        25.0588       -5.62205       -6.41086        -5.4508           1000           1000
        6.09958       0.149974       0.627014       0.681158     0.00549278       0.197757         100.23        111.026        1.18887        1.93708        2.05063    0.000206228     0.00222689        36.2929        40.4596        26.1608       -5.71469       -6.51849        -5.5733           1000           1000
        6.19957       0.149974       0.636897       0.692122      0.0056098        0.20197         100.23        111.026        1.18887        1.93713        2.05055    0.000206229      0.0022269        37.4449        41.7743        27.2872       -5.80732       -6.62614        -5.6958           1000           1000
        6.29956       0.149974       0.646784       0.703091     0.00572689       0.206186         100.23        111.026        1.18887        1.93719        2.05047    0.000206229     0.00222691        38.6154        43.1105        28.4381       -5.89995       -6.73379       -5.81829           1000           1000
        6.39955       0.149974       0.656676       0.714064     0.00584406       0.210404         100.23        111.026        1.18887        1.93724        2.05039     0.00020623     0.00222691        39.8044        44.4683        29.6136       -5.99257       -6.84145       -5.94079           1000           1000
        6.49954       0.149974       0.666571        0.72504     0.00596129       0.214625         100.23        111.026        1.18887         1.9373        2.05031    0.000206231     0.00222692        41.0119        45.8477        30.8135       -6.08519       -6.94911       -6.06328           1000           1000
        6.59954       0.149974       0.676471        0.73602     0.00607858       0.218848         100.23        111.026        1.18887        1.93736        2.05023    0.000206231     0.00222693        42.2379        47.2486        32.0379        -6.1778       -7.05679       -6.18578           1000           1000
        6.69953       0.149974       0.686374       0.747002     0.00619593       0.223073         100.23        111.026        1.18887        1.93741        2.05015    0.000206232     0.00222693        43.4824        48.6711        33.2867       -6.27041       -7.16448       -6.30827           1000           1000
        6.79952       0.149974       0.696281       0.757989     0.00631334         0.2273         100.23        111.026        1.18887        1.93747        2.05007    0.000206233     0.00222694        44.7454        50.1152        34.5601       -6.36301       -7.27217       -6.43076           1000           1000
        6.89951       0.149974       0.706191       0.768978      0.0064308       0.231529         100.23        111.026        1.18887        1.93752        2.04999    0.000206233     0.00222695        46.0268        51.5809        35.8579       -6.45561       -7.37987       -6.55325           1000           1000
         6.9995       0.149974       0.716105        0.77997     0.00654831        0.23576         100.23        111.026        1.18887        1.93758        2.04991    0.000206234     0.00222696        47.3268        53.0681        37.1802        -6.5482       -7.48758       -6.67574           1000           1000
        7.09949       0.149974       0.726022       0.790965     0.00666587       0.239992         100.23        111.026        1.18887        1.93764        2.04983    0.000206235     0.00222696        48.6453        54.5769         38.527       -6.64079        -7.5953       -6.79822           1000           1000
        7.19948       0.149974       0.735942       0.801962     0.00678347       0.244226         100.23        111.026        1.18887        1.93769        2.04975    0.000206235     0.00222697        49.9823        56.1073        39.8983       -6.73337       -7.70302       -6.92071           1000           1000
        7.29947       0.149974       0.745865       0.812962     0.00690112       0.248462         100.23        111.026        1.18887        1.93775        2.04967    0.000206236     0.00222698        51.3377        57.6593        41.2941       -6.82594       -7.81076       -7.04319           1000           1000
        7.39946       0.149974       0.755791       0.823965     0.00701881       0.252699         100.23        111.026        1.18887        1.93781         2.0496    0.000206237     0.00222699        52.7117        59.2328        42.7143       -6.91851        -7.9185       -7.16567           1000           1000
        7.49945       0.149974       0.765719       0.834969     0.00713653       0.256937         100.23        111.026        1.18887        1.93786        2.04952    0.000206238       0.002227        54.1041         60.828        44.1591       -7.01108       -8.02625       -7.28816           1000           1000
        7.59944       0.149953       0.775758       0.845947     0.00724546       0.260878        101.296        110.721        1.10297        1.92427        2.03248     0.00021765     0.00235006        55.9241        62.9612        43.1307       -7.23359       -8.17976       -6.48913           1000           1000
        7.69942        0.14996       0.785937       0.856776     0.00733197       0.263986        102.686        109.195       0.886229        1.92465        2.03221    0.000248526     0.00268351        57.3901        64.5922        38.6798        -7.4313       -8.17122        -4.5671           1000           1000
        7.79941       0.149966        0.79626       0.867454     0.00739588       0.266282        104.097         107.65       0.691973        1.92506        2.03195    0.000348992     0.00376838         58.895        66.2205        28.0271       -7.63426       -8.15681       -2.42411           1000           1000
         7.8994       0.149971       0.806727       0.877979     0.00743704       0.267759        105.527        106.087       0.548689        1.92549        2.03172    0.000481075      0.0051947          60.44         67.845        20.5589        -7.8426       -8.13653       -1.14047           1000           1000
        7.99939       0.149975        0.81734       0.888349     0.00745539       0.268417        106.978        104.506       0.506367        1.92595         2.0315    0.000628428      0.0067859        62.0259        69.4645        15.8161       -8.05646       -8.11041      -0.392369           1000           1000
        8.09939       0.149977       0.828101       0.898562     0.00745093       0.268254        108.449        102.907       0.590972        1.92645        2.03131     0.00078536     0.00848054        63.6537        71.0777        12.6406       -8.27597       -8.07846      0.0719971           1000           1000
        8.19938       0.149977       0.839013       0.908616     0.00742372       0.267274        109.941        101.291       0.764227        1.92697        2.03114    0.000949667      0.0102548        65.3244        72.6834        10.3773       -8.50128        -8.0407       0.375804           1000           1000
        8.29937       0.149976       0.850076        0.91851     0.00737393       0.265482        111.455        99.6587       0.982525        1.92753        2.03099      0.0011204      0.0120984         67.039        74.2803        8.67835       -8.73254       -7.99717       0.580604           1000           1000
        8.39936       0.149974       0.861293       0.928241      0.0073018       0.262888         112.99        98.0096        1.22387        1.92813        2.03086     0.00129713      0.0140067        68.7986        75.8673        7.35003       -8.96988       -7.94789       0.719527           1000           1000
        8.49935        0.14997       0.872665       0.937808     0.00720774       0.259505        114.547        96.3442        1.47865        1.92877        2.03076     0.00147967      0.0159775         70.604        77.4432        6.27837       -9.21346        -7.8929       0.811737           1000           1000
        8.59934       0.149964       0.884195       0.947208     0.00709227       0.255352        116.126        94.6629        1.74239        1.92945        2.03068     0.00166794      0.0180101        72.4564        79.0066        5.39268       -9.46343       -7.83225       0.869027           1000           1000
        8.69932       0.149956       0.895884       0.956441     0.00695615       0.250458        117.728        92.9661        2.01286        1.93018        2.03062     0.00186193      0.0201043        74.3567        80.5566        4.64716       -9.71993       -7.76598       0.899042           1000           1000
        8.79931       0.149946       0.907734       0.965504     0.00680035       0.244856        119.353         91.254        2.28884        1.93095        2.03059     0.00206166      0.0222602        76.3061        82.0918        4.01105       -9.98312       -7.69414       0.906958           1000           1000
        8.89928       0.149935       0.919748       0.974395     0.00662616       0.238594        121.001        89.5271        2.56964        1.93179        2.03058     0.00226716      0.0244781        78.3055        83.6111        3.46302       -10.2532       -7.61679       0.896415           1000           1000
        8.99926       0.149921       0.931928       0.983114     0.00643531       0.231732        122.673        87.7857        2.85487        1.93268         2.0306     0.00247847      0.0267583        80.3559        85.1133        2.98791       -10.5302       -7.53399       0.870051           1000           1000
        9.09922       0.149905       0.944274       0.991658        0.00623       0.224351        124.369        86.0301        3.14428        1.93364        2.03064     0.00269561      0.0291011        82.4584        86.5973        2.57473       -10.8143        -7.4458        0.82983           1000           1000
        9.19919       0.149887       0.956791        1.00003     0.00601315       0.216555        126.089        84.2607        3.43777        1.93466        2.03071      0.0029186      0.0315065        84.6139         88.062        2.21535       -11.1058       -7.35229       0.777248           1000           1000
        9.29914       0.149867       0.969479        1.00822     0.00578854        0.20848        127.834        82.4779        3.73527        1.93577         2.0308     0.00314743      0.0339744        86.8236        89.5063        1.90369       -11.4047       -7.25353        0.71346           1000           1000
        9.39909       0.149844       0.982341        1.01623     0.00556111       0.200304        129.605        80.6819        4.03677        1.93695        2.03092     0.00338209      0.0365047        89.0882         90.929        1.63513       -11.7112       -7.14959       0.639373           1000           1000
        9.49903       0.149819       0.995379        1.02406     0.00533721       0.192255        131.401        78.8733        4.34233        1.93822        2.03106     0.00362254      0.0390967        91.4088         92.329        1.40614       -12.0254       -7.04057       0.555701           1000           1000
        9.59896       0.149792         1.0086         1.0317     0.00512497       0.184627        133.223        77.0523        4.65199        1.93958        2.03123     0.00386872      0.0417497        93.7862        93.7054        1.21403       -12.3476       -6.92653        0.46301           1000           1000
        9.69888       0.149761        1.02199        1.03917      0.0049346       0.177787        135.071        75.2193        4.96584        1.94105        2.03142     0.00412055      0.0444629        96.2213        95.0571        1.05673       -12.6777       -6.80758       0.361743           1000           1000
        9.79879       0.149728        1.03557        1.04645     0.00477845        0.17218        136.947        73.3747          5.284        1.94264        2.03164     0.00437793       0.047235        98.7148        96.3831       0.932651       -13.0159        -6.6838        0.25224           1000           1000
        9.89869       0.149693        1.04934        1.05354     0.00467074       0.168319        138.849        71.5189        5.60657        1.94434        2.03188     0.00464075      0.0500648        101.267        97.6823       0.840615       -13.3625       -6.55528       0.134762           1000           1000
        9.99857       0.149654        1.06329        1.06044     0.00462662        0.16675         140.78        69.6524         5.9337        1.94618        2.03215     0.00490889      0.0529506         103.88        98.9538       0.779754       -13.7174       -6.42213     0.00948956           1000           1000
        10.0984       0.149613        1.07743        1.06716     0.00466043       0.167992        142.739        67.7755        6.26554        1.94817        2.03244     0.00518219      0.0558909        106.553        100.197       0.749467       -14.0807       -6.28445      -0.123456           1000           1000
        10.1983       0.149569        1.09176        1.07368     0.00478366        0.17246        144.726        65.8886        6.60225        1.95031        2.03276     0.00546052       0.058884        109.286         101.41       0.749375       -14.4527       -6.14234      -0.264011           1000           1000
        10.2981       0.149521        1.10629        1.08002     0.00500312       0.180401        146.743        63.9922        6.94402        1.95263         2.0331     0.00574375      0.0619284        112.081        102.593       0.779292       -14.8332       -5.99591      -0.412163           1000           1000
         10.398        0.14947        1.12102        1.08616     0.00532044       0.191875         148.79        62.0868        7.29104        1.95515        2.03346     0.00603175      0.0650226        114.937        103.744       0.839198       -15.2224       -5.84528       -0.56794           1000           1000
        10.4978       0.149417        1.13594         1.0921     0.00573275       0.206781        150.867        60.1728        7.64351        1.95787        2.03385     0.00632443      0.0681654        117.853        104.863       0.929218       -15.6204       -5.69055      -0.731406           1000           1000
        10.5975       0.149359        1.15107        1.09786     0.00623435       0.224917        152.974        58.2507        8.00165        1.96082        2.03427     0.00662174      0.0713561        120.831        105.949         1.0496        -16.027       -5.53185      -0.902654           1000           1000
        10.6973       0.149299         1.1664        1.10341     0.00681835       0.246036        155.113         56.321        8.36569        1.96402         2.0347     0.00692368      0.0745947        123.869        107.001         1.2007       -16.4423       -5.36929       -1.08179           1000           1000
        10.7971       0.149235        1.18194        1.10877     0.00747788       0.269893        157.284        54.3842        8.73587        1.96749        2.03516     0.00723034       0.077882        126.966        108.019        1.38297       -16.8661         -5.203       -1.26895           1000           1000
        10.8968       0.149167        1.19768        1.11394     0.00820677       0.296268        159.487         52.441        9.11245        1.97127        2.03564     0.00754192      0.0812197        130.122        109.001        1.59689       -17.2985        -5.0331       -1.46423           1000           1000
        10.9965       0.149095        1.21364         1.1189     0.00899985       0.324976        161.722        50.4919        9.49569        1.97538        2.03615     0.00785874      0.0846113        133.336        109.947        1.84303       -17.7393       -4.85972       -1.66773           1000           1000
        11.0962        0.14902        1.22982        1.12366     0.00985295        0.35587        163.992        48.5377        9.88587        1.97985        2.03668      0.0081813      0.0880618        136.604        110.857         2.1219       -18.1882       -4.68299       -1.87952           1000           1000
        11.1958       0.148941        1.24621        1.12822      0.0107628       0.388835        166.296         46.579        10.2833        1.98472        2.03723     0.00851027      0.0915785        139.926        111.729          2.434        -18.645       -4.50305       -2.09958           1000           1000
        11.2954       0.148858        1.26283        1.13259      0.0117269       0.423784        168.634        44.6165        10.6883        1.99004         2.0378     0.00884659      0.0951711        143.298        112.563        2.77974       -19.1094       -4.32001       -2.32783           1000           1000
         11.395       0.148771        1.27966        1.13674      0.0127434       0.460653        171.008        42.6514        11.1011        1.99583        2.03839     0.00919149      0.0988526        146.717        113.358        3.15935        -19.581       -4.13403       -2.56408           1000           1000
        11.4946       0.148679        1.29672         1.1407       0.013811       0.499397        173.417        40.6844        11.5221        2.00216          2.039     0.00954653       0.102639        150.179        114.114        3.57286       -20.0593       -3.94524       -2.80799           1000           1000
        11.5941       0.148584        1.31401        1.14445      0.0149287       0.539986        175.864        38.7167        11.9516        2.00907        2.03964     0.00991364       0.106552         153.68         114.83        4.01996       -20.5438       -3.75378       -3.05902           1000           1000
        11.6936       0.148484        1.33154          1.148      0.0160959       0.582402        178.347        36.7497        12.3901        2.01663        2.04029      0.0102952       0.110616        157.215        115.506        4.49996       -21.0338       -3.55978       -3.31644           1000           1000
         11.793        0.14838        1.34929        1.15134      0.0173124       0.626638        180.869        34.7848        12.8378        2.02489        2.04097      0.0106942       0.114862        160.777        116.142        5.01164       -21.5285        -3.3634       -3.57927           1000           1000
        11.8925       0.148271        1.36729        1.15448       0.018578       0.672694         183.43        32.8239        13.2952        2.03394        2.04167      0.0111139       0.119327         164.36        116.736        5.55322       -22.0271       -3.16477       -3.84626           1000           1000
        11.9918       0.148158        1.38552        1.15741      0.0198928       0.720579        186.029        30.8692        13.7627        2.04385        2.04238      0.0115585       0.124052        167.955        117.288        6.12218       -22.5285       -2.96404       -4.11584           1000           1000
        12.0912       0.148039          1.404        1.16014      0.0212571       0.770306        188.669        28.9235        14.2406        2.05469        2.04312      0.0120325       0.129089        171.554        117.799        6.71529       -23.0317       -2.76135       -4.38616           1000           1000
        12.1905       0.147916        1.42272        1.16266      0.0226713       0.821894         191.35          26.99        14.7294        2.06658        2.04387      0.0125415       0.134494        175.147        118.267        7.32851       -23.5353       -2.55686        -4.6551           1000           1000
        12.2898       0.147788         1.4417        1.16497      0.0241358       0.875365        194.073        25.0731        15.2296        2.07961        2.04465      0.0130915        0.14033        178.722        118.693        7.95701       -24.0378        -2.3507       -4.92025           1000           1000
         12.389       0.147655        1.46092        1.16707      0.0256513       0.930748        196.838        23.1784        15.7416         2.0939        2.04544      0.0136891        0.14667        182.269        119.075        8.59525       -24.5377       -2.14304       -5.17905           1000           1000
        12.4881       0.147517         1.4804        1.16897      0.0272185       0.988074        199.647        21.3133        16.2659        2.10957        2.04625      0.0143419       0.153592        185.772        119.415         9.2371       -25.0332       -1.93401       -5.42882           1000           1000
        12.5873        0.14738        1.50012        1.17079      0.0288388        1.04738         202.27        20.7402        16.8091        2.20667        2.07513      0.0150081       0.160652         182.36        118.121        9.90929       -24.5683       -1.83807       -5.68854           1000           1000
        12.6864        0.14738        1.51984        1.17262      0.0304618        1.10633         202.27        20.7402        16.8091        2.21164        2.07515       0.015034        0.16093        186.764        118.489         11.037       -24.8356       -1.84175       -6.00764           1000           1000
        12.7855        0.14738        1.53955        1.17444      0.0320871        1.16536         202.27        20.7402        16.8091        2.21667        2.07517       0.015061       0.161219        191.206        118.857        12.2242       -25.1011       -1.84544       -6.32519           1000           1000
        12.8846        0.14738        1.55927        1.17627      0.0337144        1.22446         202.27        20.7402        16.8091        2.22175        2.07519       0.015089       0.161519        195.686        119.225        13.4705       -25.3649       -1.84913       -6.64116           1000           1000
        12.9837        0.14738        1.57899         1.1781      0.0353435        1.28362         202.27        20.7402        16.8091        2.22688        2.07522      0.0151181        0.16183        200.205        119.595        14.7753       -25.6269       -1.85281       -6.95549           1000           1000
        13.0829        0.14738        1.59871        1.17993      0.0369739        1.34284         202.27        20.7402        16.8091        2.23206        2.07524      0.0151481       0.162152         204.76        119.965        16.1379       -25.8871        -1.8565       -7.26812           1000           1000
         13.182        0.14738        1.61842        1.18176      0.0386057         1.4021         202.27        20.7402        16.8091        2.23728        2.07526      0.0151792       0.162484        209.352        120.336        17.5577       -26.1456       -1.86019       -7.57902           1000           1000
        13.2811        0.14738        1.63814        1.18359      0.0402386        1.46141         202.27        20.7402        16.8091        2.24256        2.07529      0.0152113       0.162827         213.98        120.708        19.0342       -26.4023       -1.86387       -7.88811           1000           1000
        13.3802        0.14738        1.65786        1.18542      0.0418725        1.52075         202.27        20.7402        16.8091        2.24788        2.07531      0.0152443       0.163181        218.643         121.08        20.5666       -26.6572       -1.86756       -8.19538           1000           1000
        13.4794        0.14738        1.67758        1.18725      0.0435073        1.58012         202.27        20.7402        16.8091        2.25325        2.07533      0.0152784       0.163546        223.342        121.453        22.1544       -26.9103       -1.87124       -8.50075           1000           1000
        13.5785        0.14738         1.6973        1.18908      0.0451429        1.63952         202.27        20.7402        16.8091        2.25867        2.07535      0.0153135       0.163921        228.075        121.827        23.7968       -27.1617       -1.87493       -8.80421           1000           1000
        13.6776        0.14738        1.71702        1.19091      0.0467792        1.69895         202.27        20.7402        16.8091        2.26413        2.07538      0.0153495       0.164307        232.842        122.202        25.4932       -27.4113       -1.87861       -9.10569           1000           1000
        13.7767        0.14738        1.73674        1.19275      0.0484161         1.7584         202.27        20.7402        16.8091        2.26964         2.0754      0.0153865       0.164703        237.642        122.577        27.2429       -27.6591        -1.8823       -9.40517           1000           1000
        13.8758        0.14738        1.75646        1.19458      0.0500536        1.81787         202.27        20.7402        16.8091         2.2752        2.07542      0.0154245        0.16511        242.476        122.953        29.0452       -27.9052       -1.88599       -9.70261           1000           1000
         13.975        0.14738        1.77618        1.19642      0.0516916        1.87736         202.27        20.7402        16.8091         2.2808        2.07545      0.0154634       0.165526        247.342         123.33        30.8994       -28.1494       -1.88967       -9.99796           1000           1000
        14.0741        0.14738         1.7959        1.19825      0.0533301        1.93687         202.27        20.7402        16.8091        2.28645        2.07547      0.0155033       0.165953         252.24        123.707        32.8047        -28.392       -1.89336       -10.2912           1000           1000
        14.1732        0.14738        1.81562        1.20009       0.054969        1.99639         202.27        20.7402        16.8091        2.29214        2.07549      0.0155441        0.16639         257.17        124.086        34.7604       -28.6327       -1.89704       -10.5823           1000           1000
        14.2723        0.14738        1.83534        1.20193      0.0566084        2.05593         202.27        20.7402        16.8091        2.29788        2.07551      0.0155858       0.166837         262.13        124.465        36.7658       -28.8717       -1.90073       -10.8712           1000           1000
        14.3715        0.14738        1.85506        1.20377       0.058248        2.11548         202.27        20.7402        16.8091        2.30366        2.07554      0.0156285       0.167294        267.122        124.844        38.8202        -29.109       -1.90441       -11.1579           1000           1000
        14.4706        0.14738        1.87478        1.20561       0.059888        2.17504         202.27        20.7402        16.8091        2.30949        2.07556      0.0156721       0.167761        272.143        125.225        40.9228       -29.3445        -1.9081       -11.4424           1000           1000
        14.5697        0.14738         1.8945        1.20745      0.0615283        2.23462         202.27        20.7402        16.8091        2.31536        2.07558      0.0157167       0.168237        277.194        125.606        43.0729       -29.5783       -1.91178       -11.7246           1000           1000
        14.6688        0.14738        1.91422        1.20929      0.0631689         2.2942         202.27        20.7402        16.8091        2.32127        2.07561      0.0157621       0.168724        282.274        125.988        45.2696       -29.8103       -1.91547       -12.0045           1000           1000
         14.768        0.14738        1.93394        1.21113      0.0648097        2.35379         202.27        20.7402        16.8091        2.32723        2.07563      0.0158084        0.16922        287.383        126.371        47.5123       -30.0406       -1.91915       -12.2822           1000           1000
        14.8671        0.14738        1.95366        1.21297      0.0664508        2.41339         202.27        20.7402        16.8091        2.33323        2.07565      0.0158556       0.169725        292.519        126.754        49.8002       -30.2691       -1.92284       -12.5575           1000           1000
        14.9662        0.14738        1.97338        1.21482      0.0680921          2.473         202.27        20.7402        16.8091        2.33927        2.07568      0.0159037        0.17024        297.684        127.138        52.1325       -30.4959       -1.92652       -12.8304           1000           1000
        15.0653        0.14738        1.99311        1.21666      0.0697336        2.53262         202.27        20.7402        16.8091        2.34536         2.0757      0.0159527       0.170764        302.876        127.523        54.5085        -30.721        -1.9302        -13.101           1000           1000
        15.1644        0.14738        2.01283        1.21851      0.0713753        2.59224         202.27        20.7402        16.8091        2.35149        2.07572      0.0160025       0.171297        308.095        127.909        56.9274       -30.9444       -1.93389       -13.3692           1000           1000
        15.2636        0.14738        2.03255        1.22035      0.0730172        2.65187         202.27        20.7402        16.8091        2.35766        2.07574      0.0160532        0.17184         313.34        128.295        59.3885       -31.1661       -1.93757        -13.635           1000           1000
        15.3627        0.14738        2.05227         1.2222      0.0746592        2.71151         202.27        20.7402        16.8091        2.36387        2.07577      0.0161048       0.172392        318.611        128.682        61.8909       -31.3861       -1.94126       -13.8984           1000           1000
        15.4618        0.14738        2.07199        1.22404      0.0763014        2.77115         202.27        20.7402        16.8091        2.37012        2.07579      0.0161571       0.172953        323.908         129.07        64.4339       -31.6043       -1.94494       -14.1594           1000           1000
        15.5609        0.14738        2.09172        1.22589      0.0779438         2.8308         202.27        20.7402        16.8091        2.37641        2.07581      0.0162104       0.173522        329.229        129.458        67.0169       -31.8209       -1.94862        -14.418           1000           1000
        15.6601        0.14738        2.11144        1.22774      0.0795863        2.89045         202.27        20.7402        16.8091        2.38274        2.07584      0.0162644       0.174101        334.576        129.848        69.6389       -32.0358       -1.95231       -14.6741           1000           1000
        15.7592        0.14738        2.13116        1.22959      0.0812289        2.95011         202.27        20.7402        16.8091        2.38911        2.07586      0.0163193       0.174688        339.946        130.238        72.2993        -32.249       -1.95599       -14.9278           1000           1000
        15.8583        0.14738        2.15089        1.23144      0.0828716        3.00977         202.27        20.7402        16.8091        2.39552        2.07588      0.0163749       0.175284        345.341        130.628        74.9973       -32.4606       -1.95968        -15.179           1000           1000
        15.9574        0.14738        2.17061        1.23329      0.0845145        3.06944         202.27        20.7402        16.8091        2.40197        2.07591      0.0164314       0.175888        350.759         131.02        77.7322       -32.6704       -1.96336       -15.4278           1000           1000
        16.0565        0.14738        2.19033        1.23514      0.0861574        3.12911         202.27        20.7402        16.8091        2.40846        2.07593      0.0164887       0.176501          356.2        131.412        80.5033       -32.8787       -1.96704       -15.6741           1000           1000
        16.1557        0.14738        2.21006        1.23699      0.0878005        3.18878         202.27        20.7402        16.8091        2.41499        2.07595      0.0165467       0.177123        361.663        131.805        83.3097       -33.0852       -1.97073        -15.918           1000           1000
        16.2548        0.14738        2.22978        1.23885      0.0894436        3.24846         202.27        20.7402        16.8091        2.42156        2.07597      0.0166055       0.177752        367.149        132.198        86.1509       -33.2902       -1.97441       -16.1594           1000           1000
        16.3539        0.14738         2.2495         1.2407      0.0910869        3.30814         202.27        20.7402        16.8091        2.42816          2.076      0.0166651        0.17839        372.656        132.593        89.0259       -33.4935       -1.97809       -16.3983           1000           1000
         16.453        0.14738        2.26923        1.24255      0.0927302        3.36782         202.27        20.7402        16.8091        2.43481        2.07602      0.0167255       0.179036        378.185        132.988        91.9343       -33.6951       -1.98178       -16.6348           1000           1000
        16.5522        0.14738        2.28895        1.24441      0.0943736        3.42751         202.27        20.7402        16.8091        2.44149        2.07604      0.0167866        0.17969        383.735        133.384        94.8752       -33.8952       -1.98546       -16.8688           1000           1000
        16.6513        0.14738        2.30867        1.24626      0.0960171         3.4872         202.27        20.7402        16.8091         2.4482        2.07607      0.0168484       0.180352        389.306         133.78        97.8479       -34.0936       -1.98914       -17.1004           1000           1000
        16.7504        0.14738         2.3284        1.24812      0.0976607        3.54689         202.27        20.7402        16.8091        2.45496        2.07609       0.016911       0.181022        394.897        134.178        100.852       -34.2905       -1.99283       -17.3295           1000           1000
        16.8495        0.14738        2.34812        1.24998      0.0993043        3.60658         202.27        20.7402        16.8091        2.46175        2.07611      0.0169743         0.1817        400.508        134.576        103.886       -34.4857       -1.99651       -17.5562           1000           1000
        16.9486        0.14738        2.36784        1.25183       0.100948        3.66628         202.27        20.7402        16.8091        2.46857        2.07614      0.0170383       0.182385        406.138        134.974         106.95       -34.6794       -2.00019       -17.7804           1000           1000
        17.0478        0.14738        2.38757        1.25369       0.102592        3.72598         202.27        20.7402        16.8091        2.47544        2.07616      0.0171031       0.183078        411.788        135.374        110.043       -34.8715       -2.00387       -18.0022           1000           1000
        17.1469        0.14738        2.40729        1.25555       0.104236        3.78568         202.27        20.7402        16.8091        2.48233        2.07618      0.0171685       0.183779        417.457        135.774        113.165        -35.062       -2.00756       -18.2216           1000           1000
         17.246        0.14738        2.42702        1.25741       0.105879        3.84538         202.27        20.7402        16.8091        2.48927         2.0762      0.0172347       0.184487        423.144        136.175        116.315        -35.251       -2.01124       -18.4386           1000           1000
        17.3451        0.14738        2.44674        1.25927       0.107523        3.90509         202.27        20.7402        16.8091        2.49624        2.07623      0.0173015       0.185202        428.849        136.577        119.491       -35.4384       -2.01492       -18.6532           1000           1000
        17.4443       0.147379        2.46647        1.26116       0.109167        3.96479        202.259        21.0186        16.8036        2.51665         2.0879      0.0174644       0.186946        432.255        136.222        122.023       -35.4323       -2.03818       -18.7558           1000           1000
        17.5434       0.147388        2.48616         1.2632       0.110812        4.02441        201.962        22.4018        16.8199        2.75543        2.12312       0.017775       0.190276        401.126        134.395        123.531         -32.57       -2.16345       -18.7238           1000           1000
        17.6425       0.147457        2.50571        1.26544       0.112458        4.08323        200.533        24.2457        16.8411        3.37806        2.14221      0.0201623       0.215882        332.358        133.669        112.164       -26.5799        -2.3578       -16.7673           1000           1000
        17.7417       0.147601        2.52498        1.26789       0.114083        4.14022        197.684        26.2697         16.646        4.04072        2.14779      0.0256119       0.274365        282.145         133.84        90.8683       -22.0668       -2.58648        -13.221           1000           1000
         17.841       0.147803        2.54388        1.27058       0.115652        4.19429        193.595        28.3763        16.0874        4.39828        2.14906      0.0303333       0.325165        263.102        134.328        78.8495       -19.9977       -2.82843       -10.9224           1000           1000
        17.9403       0.148037        2.56233        1.27349       0.117135        4.24471        188.714         30.516        15.1798        4.32948         2.1488       0.028907       0.310122        271.174        134.961        84.8754       -19.9467       -3.07552       -10.9537           1000           1000
        18.0398       0.148266        2.58033        1.27663       0.118533        4.29206        183.815        32.6773         14.289        4.26275        2.14865       0.028269       0.303511        279.303        135.637        88.8752       -19.8716       -3.32471        -10.667           1000           1000
        18.1392       0.148488        2.59788           1.28       0.119847        4.33639          178.9        34.8575        13.4155        4.19816        2.14861      0.0284007       0.305154        287.471        136.357        90.4355       -19.7711       -3.57615       -10.0737           1000           1000
        18.2388       0.148705        2.61498         1.2836       0.121078        4.37775        173.969        37.0549          12.56        4.13579        2.14868       0.029218       0.314164        295.659        137.121        89.7213       -19.6441       -3.82999       -9.25331           1000           1000
        18.3385       0.148915        2.63161        1.28744       0.122228        4.41619        169.022         39.268        11.7231        4.07569        2.14886      0.0305922       0.329173        303.847         137.93        87.3257       -19.4898        -4.0864        -8.3157           1000           1000
        18.4382       0.149119        2.64778         1.2915       0.123297        4.45177        164.061        41.4959        10.9057        4.01792        2.14915      0.0323804       0.348652        312.015        138.783        83.9524       -19.3071       -4.34552       -7.35801           1000           1000
        18.5379       0.149316        2.66348         1.2958       0.124286        4.48453        159.086        43.7381        10.1084        3.96251        2.14956      0.0344484       0.371164        320.142        139.682        80.1842       -19.0954       -4.60751       -6.44436           1000           1000
        18.6378       0.149506        2.67871        1.30033       0.125197        4.51454        154.097         45.994        9.33207        3.90949        2.15008      0.0366824       0.395485        328.206        140.626        76.4093        -18.854       -4.87253       -5.60699           1000           1000
        18.7377       0.149689        2.69347        1.30509       0.126032        4.54186        149.095        48.2634        8.57784        3.85888        2.15072      0.0389906       0.420628        336.184        141.616        72.8475       -18.5823       -5.14073       -4.85617           1000           1000
        18.8376       0.149864        2.70775        1.31009       0.126791        4.56655        144.081        50.5463        7.84687        3.81069        2.15147       0.041301       0.445813        344.055        142.653        69.6034         -18.28       -5.41228       -4.18995           1000           1000
        18.9376       0.150032        2.72155        1.31533       0.127476        4.58865        139.055        52.8426        7.14064        3.76492        2.15234      0.0435573       0.470431        351.796        143.738        66.7133       -17.9469       -5.68735       -3.60069           1000           1000
        19.0377       0.150193        2.73487         1.3208       0.128089        4.60825        134.018        55.1525        6.46099        3.72156        2.15333      0.0457151          0.494        359.385         144.87        64.1769       -17.5828       -5.96608       -3.07884           1000           1000
        19.1378       0.150345         2.7477        1.32651       0.128631         4.6254        128.971        57.4761        5.81036         3.6806        2.15444      0.0477393       0.516136        366.802         146.05        61.9768       -17.1878       -6.24866       -2.61485           1000           1000
         19.238       0.150489        2.76004        1.33246       0.129103        4.64016        123.913        59.8137          5.192        3.64202        2.15567      0.0496013       0.536524        374.025        147.279        60.0892       -16.7623       -6.53524       -2.19992           1000           1000
        19.3382       0.150625        2.77188        1.33865       0.129508        4.65261        118.847        62.1656        4.61036        3.60578        2.15702      0.0512777       0.554908        381.035        148.558        58.4897       -16.3065         -6.826       -1.82632           1000           1000
        19.4384       0.150753        2.78324        1.34508       0.129847        4.66279        113.771        64.5321        4.07168        3.57185        2.15849      0.0527488       0.571069        387.811        149.886         57.156       -15.8211       -7.12112       -1.48736           1000           1000
        19.5387       0.150872        2.79409        1.35176        0.13012        4.67079        108.687        66.9136        3.58471        3.54019        2.16008       0.053998       0.584824        394.338        151.266        56.0696       -15.3066       -7.42076       -1.17729           1000           1000
         19.639       0.150982        2.80445        1.35867       0.130332        4.67666        103.595        69.3105        3.16161        3.51075         2.1618      0.0550108        0.59601        400.597        152.696         55.216       -14.7641        -7.7251      -0.891127           1000           1000
        19.7394       0.151083         2.8143        1.36584       0.130482        4.68047         98.496        71.7233        2.81833        3.48348        2.16364      0.0557747        0.60449        406.575        154.179        54.5851       -14.1943       -8.03432      -0.624552           1000           1000
        19.8398       0.151175        2.82365        1.37324       0.130572        4.68229        93.3904        74.1524        2.57318        3.45833        2.16561      0.0562789       0.610139        412.257        155.715        54.1713       -13.5984        -8.3486      -0.373724           1000           1000
        19.9402       0.151272         2.8325        1.38083       0.130612        4.68223        88.3209        75.9077        2.51178        3.38988        2.13162      0.0579179        0.62811        423.222        159.951        52.6708       -13.1587       -8.73583      -0.161143           1000           1000
        20.0407       0.151377        2.84087         1.3885       0.130609        4.68051        83.5554        76.6765        2.55531        3.11753        2.08843      0.0596758       0.647398        462.921        165.078        51.1167       -13.5786       -9.06097      0.0122303           1000           1000
