   0   0.3981   55.00   7.0586    7.0586  1.0000      1.0         0.0      0.0       0.0      0.0       0.0      0.0      0.0    
   1   0.3981   55.00   4.4671    4.4671  1.0000      1.0         0.0      0.0       0.0      0.0       0.0      0.0      0.0    
   2   0.3981   55.00   1.6164    1.6164  1.0000      1.0         0.0      0.0       0.0      0.0       0.0      0.0      0.0 
   3   0.3981   55.00   0.9072    0.9072  1.0000      1.0         0.0      0.0       0.0      0.0       0.0      0.0      0.0 
   4   0.3981   55.00   0.6159    0.6159  1.0000      1.0         0.0      0.0       0.0      0.0       0.0      0.0      0.0 
   5   0.3981   55.00   0.4667    0.4667  1.0000      1.0         0.0      0.0       0.0      0.0       0.0      0.0      0.0 
   6   0.3981   55.00   0.3813    0.3813  1.0000      1.0         0.0      0.0       0.0      0.0       0.0      0.0      0.0 
   7   0.3981   55.00   0.3300    0.3300  1.0000      1.0         0.0      0.0       0.0      0.0       0.0      0.0      0.0 
   8   0.3981   55.00   0.2992    0.2992  1.0000      1.0         0.0      0.0       0.0      0.0       0.0      0.0      0.0 
   9   0.3981   55.00   0.2827    0.2827  1.0000      1.0         0.0      0.0       0.0      0.0       0.0      0.0      0.0 
  10   0.3981   55.00   0.2775    0.2775  1.0000      0.99257    0.00  0.01056   0.00000 -0.00003   0.00014  0.00000  0.00000
  11   0.3982   55.00   0.2775    0.2775  1.0001      0.99257    0.00003  0.01056   0.00003 -0.00003   0.00014  0.00000  0.00000
  12   0.3982   55.00   0.2775    0.2774  1.0002      0.99257    0.00007  0.01056   0.00005 -0.00003   0.00014  0.00000  0.00000
  13   0.3982   55.00   0.2775    0.2774  1.0004      0.99257    0.00010  0.01056   0.00008 -0.00003   0.00014  0.00000  0.00000
  14   0.3982   55.00   0.2775    0.2774  1.0005      0.99258    0.00014  0.01056   0.00011 -0.00003   0.00015  0.00000  0.00000
  15   0.3982   55.00   0.2775    0.2774  1.0006      0.99258    0.00017  0.01056   0.00013 -0.00003   0.00015  0.00000  0.00000
  16   0.3982   55.00   0.2775    0.2774  1.0007      0.99258    0.00021  0.01056   0.00016 -0.00003   0.00015  0.00000  0.00000
  17   0.3982   55.00   0.2775    0.2774  1.0008      0.99258    0.00024  0.01056   0.00019 -0.00003   0.00015  0.00000  0.00000
  18   0.3982   55.00   0.2775    0.2773  1.0009      0.99258    0.00028  0.01056   0.00021 -0.00003   0.00015  0.00000  0.00000
  19   0.3982   55.00   0.2775    0.2773  1.0011      0.99258    0.00031  0.01056   0.00024 -0.00003   0.00015  0.00000  0.00000
  20   0.3982   55.00   0.2775    0.2773  1.0012      0.99258    0.00034  0.01056   0.00027 -0.00002   0.00015  0.00000  0.00000
  21   0.3982   55.00   0.2775    0.2773  1.0013      0.99258    0.00038  0.01056   0.00029 -0.00002   0.00015  0.00000  0.00000
  22   0.3982   55.00   0.2775    0.2773  1.0014      0.99258    0.00041  0.01056   0.00032 -0.00002   0.00015  0.00000  0.00000
  23   0.3982   55.00   0.2775    0.2773  1.0015      0.99258    0.00045  0.01056   0.00035 -0.00002   0.00015  0.00000  0.00000
  24   0.3982   55.00   0.2775    0.2773  1.0016      0.99258    0.00048  0.01056   0.00037 -0.00002   0.00015  0.00000  0.00000
  25   0.3982   55.00   0.2775    0.2772  1.0018      0.99258    0.00052  0.01056   0.00040 -0.00002   0.00015  0.00000  0.00000
  26   0.3982   55.00   0.2775    0.2772  1.0019      0.99258    0.00055  0.01056   0.00043 -0.00002   0.00015  0.00000  0.00000
  27   0.3982   55.00   0.2775    0.2772  1.0020      0.99258    0.00058  0.01056   0.00045 -0.00002   0.00015  0.00000  0.00000
  28   0.3982   55.00   0.2775    0.2772  1.0021      0.99258    0.00062  0.01056   0.00048 -0.00002   0.00015  0.00000  0.00000
  29   0.3982   55.00   0.2775    0.2772  1.0022      0.99259    0.00065  0.01056   0.00050 -0.00002   0.00015  0.00000  0.00000
  30   0.3982   55.00   0.2775    0.2772  1.0023      0.99259    0.00069  0.01056   0.00053 -0.00002   0.00015  0.00000  0.00000
  31   0.3982   55.00   0.2775    0.2771  1.0025      0.99259    0.00072  0.01056   0.00056 -0.00002   0.00015  0.00000  0.00000
  32   0.3982   55.00   0.2775    0.2771  1.0026      0.99259    0.00076  0.01056   0.00058 -0.00002   0.00015  0.00000  0.00000
  33   0.3982   55.00   0.2775    0.2771  1.0029      0.99259    0.00084  0.01056   0.00065 -0.00002   0.00015  0.00000  0.00000
  34   0.3982   55.00   0.2775    0.2770  1.0032      0.99259    0.00094  0.01056   0.00073 -0.00001   0.00015  0.00000  0.00000
  35   0.3982   55.00   0.2775    0.2770  1.0036      0.99259    0.00105  0.01056   0.00081 -0.00001   0.00015  0.00000  0.00000
  36   0.3982   55.00   0.2775    0.2769  1.0039      0.99259    0.00115  0.01056   0.00089 -0.00001   0.00015  0.00000  0.00000
  37   0.3982   55.00   0.2775    0.2769  1.0043      0.99260    0.00125  0.01056   0.00097 -0.00001   0.00015  0.00000  0.00000
  38   0.3982   55.00   0.2775    0.2768  1.0046      0.99260    0.00136  0.01056   0.00105 -0.00001   0.00015  0.00000  0.00000
  39   0.3982   55.00   0.2775    0.2768  1.0050      0.99260    0.00146  0.01056   0.00113  0.00000   0.00015  0.00000  0.00000
  40   0.3982   55.00   0.2775    0.2767  1.0053      0.99260    0.00156  0.01056   0.00121  0.00000   0.00015  0.00000  0.00000
  41   0.3982   55.00   0.2775    0.2767  1.0057      0.99260    0.00167  0.01056   0.00129  0.00000   0.00016  0.00000  0.00000
  42   0.3983   55.00   0.2775    0.2766  1.0060      0.99261    0.00177  0.01056   0.00137  0.00000   0.00016  0.00000  0.00000
  43   0.3983   55.00   0.2775    0.2766  1.0064      0.99261    0.00187  0.01056   0.00144  0.00000   0.00016  0.00000  0.00000
  44   0.3983   55.00   0.2775    0.2766  1.0067      0.99261    0.00198  0.01056   0.00152  0.00000   0.00016  0.00000  0.00000
  45   0.3983   55.00   0.2775    0.2765  1.0071      0.99261    0.00208  0.01056   0.00160  0.00001   0.00016  0.00000  0.00000
  46   0.3983   55.00   0.2775    0.2765  1.0074      0.99261    0.00218  0.01056   0.00168  0.00001   0.00016  0.00000  0.00000
  47   0.3983   55.00   0.2775    0.2764  1.0078      0.99262    0.00228  0.01056   0.00176  0.00001   0.00016  0.00000  0.00000
  48   0.3983   55.00   0.2775    0.2764  1.0081      0.99262    0.00239  0.01056   0.00184  0.00001   0.00016  0.00000  0.00000
  49   0.3983   55.00   0.2775    0.2763  1.0085      0.99262    0.00249  0.01056   0.00192  0.00001   0.00016  0.00000  0.00000
  50   0.3983   55.00   0.2775    0.2763  1.0088      0.99262    0.00259  0.01056   0.00200  0.00002   0.00016  0.00000  0.00000
  51   0.3983   55.00   0.2775    0.2762  1.0092      0.99262    0.00270  0.01056   0.00208  0.00002   0.00016  0.00000  0.00000
  52   0.3983   55.00   0.2775    0.2762  1.0095      0.99262    0.00280  0.01056   0.00216  0.00002   0.00016  0.00000  0.00000
  53   0.3984   55.00   0.2775    0.2761  1.0099      0.99263    0.00290  0.01057   0.00224  0.00002   0.00016  0.00000  0.00000
  54   0.3984   55.00   0.2775    0.2761  1.0102      0.99263    0.00300  0.01057   0.00232  0.00002   0.00016  0.00000  0.00001
  55   0.3984   55.00   0.2775    0.2760  1.0107      0.99263    0.00316  0.01057   0.00243  0.00003   0.00017  0.00000  0.00001
  56   0.3985   55.00   0.2775    0.2759  1.0114      0.99264    0.00336  0.01057   0.00259  0.00003   0.00017  0.00000  0.00001
  57   0.3985   55.00   0.2775    0.2758  1.0121      0.99264    0.00357  0.01057   0.00275  0.00003   0.00017  0.00000  0.00001
  58   0.3985   55.00   0.2775    0.2757  1.0128      0.99264    0.00377  0.01057   0.00291  0.00004   0.00017  0.00000  0.00001
  59   0.3986   55.00   0.2775    0.2756  1.0135      0.99265    0.00398  0.01057   0.00306  0.00004   0.00017  0.00000  0.00001
  60   0.3986   55.00   0.2775    0.2755  1.0142      0.99265    0.00418  0.01057   0.00322  0.00004   0.00017  0.00000  0.00001
  61   0.3986   55.00   0.2775    0.2754  1.0149      0.99265    0.00439  0.01057   0.00338  0.00005   0.00017  0.00000  0.00001
  62   0.3986   55.00   0.2775    0.2753  1.0156      0.99266    0.00460  0.01057   0.00353  0.00005   0.00017  0.00000  0.00001
  63   0.3987   55.00   0.2775    0.2753  1.0163      0.99266    0.00480  0.01057   0.00369  0.00006   0.00018  0.00000  0.00001
  64   0.3987   55.00   0.2775    0.2752  1.0170      0.99267    0.00501  0.01057   0.00385  0.00006   0.00018  0.00000  0.00001
  65   0.3987   55.00   0.2775    0.2751  1.0177      0.99267    0.00521  0.01057   0.00401  0.00006   0.00018  0.00000  0.00001
  66   0.3988   55.00   0.2775    0.2750  1.0184      0.99267    0.00542  0.01057   0.00416  0.00007   0.00018  0.00000  0.00001
  67   0.3988   55.00   0.2775    0.2749  1.0191      0.99268    0.00562  0.01057   0.00432  0.00007   0.00018  0.00000  0.00001
  68   0.3989   55.00   0.2775    0.2748  1.0198      0.99268    0.00583  0.01057   0.00447  0.00007   0.00018  0.00000  0.00001
  69   0.3989   55.00   0.2775    0.2747  1.0205      0.99268    0.00603  0.01057   0.00463  0.00008   0.00018  0.00000  0.00001
  70   0.3990   55.00   0.2775    0.2746  1.0212      0.99269    0.00624  0.01057   0.00479  0.00008   0.00019  0.00000  0.00001
  71   0.3991   55.00   0.2775    0.2745  1.0219      0.99269    0.00645  0.01057   0.00494  0.00008   0.00019  0.00000  0.00001
  72   0.3991   55.00   0.2775    0.2744  1.0226      0.99270    0.00665  0.01057   0.00510  0.00009   0.00019  0.00000  0.00001
  73   0.3992   55.00   0.2775    0.2743  1.0232      0.99270    0.00686  0.01058   0.00525  0.00009   0.00019  0.00000  0.00001
  74   0.3993   55.00   0.2775    0.2742  1.0239      0.99270    0.00707  0.01058   0.00541  0.00010   0.00019  0.00000  0.00001
  75   0.3993   55.00   0.2775    0.2741  1.0246      0.99271    0.00727  0.01058   0.00556  0.00010   0.00019  0.00000  0.00001
  76   0.3994   55.00   0.2775    0.2741  1.0253      0.99271    0.00748  0.01058   0.00572  0.00010   0.00019  0.00000  0.00001
  77   0.3995   55.00   0.2775    0.2740  1.0260      0.99271    0.00770  0.01058   0.00588  0.00011   0.00019  0.00000  0.00001
  78   0.3997   55.00   0.2775    0.2739  1.0268      0.99272    0.00794  0.01058   0.00606  0.00011   0.00020  0.00000  0.00001
  79   0.3998   55.00   0.2775    0.2738  1.0276      0.99272    0.00818  0.01058   0.00624  0.00012   0.00020  0.00000  0.00001
  80   0.3999   55.00   0.2775    0.2736  1.0285      0.99273    0.00842  0.01058   0.00642  0.00012   0.00020  0.00000  0.00001
  81   0.4000   55.00   0.2775    0.2735  1.0293      0.99273    0.00867  0.01058   0.00660  0.00012   0.00020  0.00000  0.00001
  82   0.4002   55.00   0.2775    0.2734  1.0301      0.99273    0.00891  0.01058   0.00677  0.00013   0.00020  0.00000  0.00002
  83   0.4003   55.00   0.2775    0.2733  1.0309      0.99274    0.00915  0.01058   0.00695  0.00013   0.00020  0.00000  0.00002
  84   0.4004   55.00   0.2775    0.2732  1.0317      0.99274    0.00940  0.01058   0.00713  0.00014   0.00020  0.00000  0.00002
  85   0.4006   55.00   0.2775    0.2731  1.0325      0.99275    0.00964  0.01058   0.00731  0.00014   0.00021  0.00000  0.00002
  86   0.4007   55.00   0.2775    0.2730  1.0333      0.99275    0.00989  0.01058   0.00748  0.00015   0.00021  0.00000  0.00002
  87   0.4009   55.00   0.2775    0.2729  1.0341      0.99276    0.01013  0.01058   0.00766  0.00015   0.00021  0.00000  0.00002
  88   0.4011   55.00   0.2775    0.2728  1.0349      0.99276    0.01038  0.01058   0.00784  0.00015   0.00021  0.00000  0.00002
  89   0.4013   55.00   0.2775    0.2727  1.0357      0.99276    0.01063  0.01058   0.00801  0.00016   0.00021  0.00000  0.00002
  90   0.4015   55.00   0.2775    0.2726  1.0364      0.99277    0.01088  0.01058   0.00819  0.00016   0.00021  0.00000  0.00002
  91   0.4017   55.00   0.2775    0.2725  1.0372      0.99277    0.01113  0.01058   0.00836  0.00017   0.00021  0.00000  0.00002
  92   0.4019   55.00   0.2775    0.2724  1.0380      0.99278    0.01138  0.01059   0.00853  0.00017   0.00022  0.00000  0.00002
  93   0.4021   55.00   0.2775    0.2723  1.0388      0.99278    0.01163  0.01059   0.00871  0.00018   0.00022  0.00000  0.00002
  94   0.4024   55.00   0.2775    0.2722  1.0396      0.99278    0.01188  0.01059   0.00888  0.00018   0.00022  0.00000  0.00002
  95   0.4026   55.00   0.2775    0.2721  1.0404      0.99279    0.01213  0.01059   0.00905  0.00018   0.00022  0.00000  0.00002
  96   0.4029   55.00   0.2775    0.2720  1.0412      0.99279    0.01239  0.01059   0.00922  0.00019   0.00022  0.00000  0.00002
  97   0.4032   55.00   0.2775    0.2719  1.0420      0.99280    0.01264  0.01059   0.00939  0.00019   0.00022  0.00000  0.00002
  98   0.4035   55.00   0.2775    0.2718  1.0428      0.99280    0.01290  0.01059   0.00956  0.00020   0.00022  0.00000  0.00002
  99   0.4038   55.00   0.2775    0.2717  1.0436      0.99280    0.01317  0.01059   0.00974  0.00020   0.00023  0.00000  0.00002
 100   0.4043   55.00   0.2775    0.2716  1.0447      0.99281    0.01350  0.01059   0.00996  0.00021   0.00023  0.00000  0.00002
 101   0.4046   55.00   0.2775    0.2714  1.0457      0.99281    0.01384  0.01059   0.01019  0.00021   0.00023  0.00001  0.00002
 102   0.4050   55.00   0.2775    0.2713  1.0467      0.99282    0.01418  0.01059   0.01041  0.00022   0.00023  0.00001  0.00002
 103   0.4053   55.00   0.2775    0.2712  1.0478      0.99282    0.01452  0.01059   0.01063  0.00022   0.00023  0.00001  0.00002
 104   0.4057   55.00   0.2775    0.2710  1.0488      0.99283    0.01486  0.01059   0.01085  0.00023   0.00023  0.00001  0.00002
 105   0.4062   55.00   0.2775    0.2709  1.0498      0.99283    0.01521  0.01059   0.01106  0.00024   0.00024  0.00001  0.00002
 106   0.4066   55.00   0.2775    0.2708  1.0509      0.99285    0.01556  0.01059   0.01128  0.00025   0.00024  0.00001  0.00003
 107   0.4071   55.00   0.2775    0.2706  1.0520      0.99287    0.01591  0.01059   0.01149  0.00027   0.00024  0.00001  0.00003
 108   0.4076   55.00   0.2775    0.2705  1.0531      0.99289    0.01626  0.01059   0.01171  0.00028   0.00024  0.00001  0.00003
 109   0.4081   55.00   0.2775    0.2704  1.0541      0.99290    0.01662  0.01059   0.01192  0.00030   0.00024  0.00001  0.00003
 110   0.4086   55.00   0.2775    0.2702  1.0552      0.99292    0.01698  0.01059   0.01213  0.00031   0.00024  0.00001  0.00003
 111   0.4092   55.00   0.2775    0.2701  1.0563      0.99294    0.01734  0.01059   0.01233  0.00033   0.00025  0.00001  0.00003
 112   0.4098   55.00   0.2775    0.2700  1.0573      0.99296    0.01770  0.01059   0.01254  0.00035   0.00025  0.00001  0.00003
 113   0.4104   55.00   0.2775    0.2698  1.0584      0.99298    0.01807  0.01059   0.01274  0.00036   0.00025  0.00001  0.00004
 114   0.4111   55.00   0.2775    0.2697  1.0595      0.99299    0.01845  0.01059   0.01295  0.00038   0.00025  0.00001  0.00004
 115   0.4117   55.00   0.2775    0.2696  1.0605      0.99301    0.01882  0.01059   0.01314  0.00039   0.00025  0.00001  0.00004
 116   0.4125   55.00   0.2775    0.2694  1.0616      0.99303    0.01920  0.01059   0.01334  0.00041   0.00025  0.00001  0.00004
 117   0.4132   55.00   0.2775    0.2693  1.0626      0.99304    0.01959  0.01059   0.01354  0.00042   0.00025  0.00001  0.00004
 118   0.4140   55.00   0.2775    0.2692  1.0637      0.99306    0.01998  0.01059   0.01373  0.00044   0.00026  0.00001  0.00004
 119   0.4148   55.00   0.2775    0.2690  1.0648      0.99308    0.02037  0.01059   0.01392  0.00045   0.00026  0.00001  0.00004
 120   0.4156   55.00   0.2775    0.2689  1.0658      0.99309    0.02077  0.01059   0.01411  0.00047   0.00026  0.00001  0.00005
 121   0.4165   55.00   0.2775    0.2688  1.0669      0.99311    0.02117  0.01059   0.01430  0.00049   0.00026  0.00001  0.00005
 122   0.4174   55.00   0.2775    0.2687  1.0679      0.99313    0.02158  0.01059   0.01448  0.00050   0.00026  0.00001  0.00005
 123   0.4183   55.00   0.2775    0.2685  1.0689      0.99314    0.02199  0.01059   0.01466  0.00052   0.00026  0.00001  0.00005
 124   0.4193   55.00   0.2775    0.2684  1.0700      0.99316    0.02241  0.01059   0.01484  0.00053   0.00026  0.00001  0.00005
 125   0.4203   55.00   0.2775    0.2683  1.0710      0.99317    0.02284  0.01059   0.01501  0.00055   0.00026  0.00001  0.00005
 126   0.4213   55.00   0.2775    0.2681  1.0721      0.99319    0.02327  0.01058   0.01518  0.00056   0.00026  0.00001  0.00005
 127   0.4224   55.00   0.2775    0.2680  1.0731      0.99320    0.02370  0.01058   0.01535  0.00058   0.00026  0.00001  0.00005
 128   0.4235   55.00   0.2775    0.2679  1.0741      0.99322    0.02415  0.01058   0.01552  0.00059   0.00026  0.00002  0.00005
 129   0.4246   55.00   0.2775    0.2678  1.0752      0.99323    0.02460  0.01058   0.01568  0.00061   0.00026  0.00002  0.00005
 130   0.4258   55.00   0.2775    0.2676  1.0762      0.99325    0.02505  0.01058   0.01584  0.00062   0.00026  0.00002  0.00005
 131   0.4271   55.00   0.2775    0.2675  1.0772      0.99326    0.02551  0.01058   0.01599  0.00064   0.00026  0.00002  0.00006
 132   0.4283   55.00   0.2775    0.2674  1.0783      0.99327    0.02598  0.01058   0.01614  0.00065   0.00026  0.00002  0.00006
 133   0.4297   55.00   0.2775    0.2673  1.0793      0.99329    0.02646  0.01058   0.01629  0.00066   0.00026  0.00002  0.00006
 134   0.4310   55.00   0.2775    0.2671  1.0803      0.99330    0.02694  0.01057   0.01643  0.00068   0.00026  0.00002  0.00006
 135   0.4324   55.00   0.2775    0.2670  1.0814      0.99332    0.02744  0.01057   0.01657  0.00070   0.00026  0.00002  0.00006
 136   0.4339   55.00   0.2775    0.2669  1.0824      0.99334    0.02794  0.01057   0.01671  0.00072   0.00026  0.00002  0.00006
 137   0.4354   55.00   0.2775    0.2667  1.0835      0.99336    0.02844  0.01057   0.01684  0.00074   0.00026  0.00002  0.00006
 138   0.4369   55.00   0.2775    0.2666  1.0845      0.99338    0.02896  0.01056   0.01697  0.00077   0.00026  0.00002  0.00006
 139   0.4385   55.00   0.2775    0.2665  1.0856      0.99340    0.02948  0.01056   0.01709  0.00079   0.00026  0.00002  0.00006
 140   0.4401   55.00   0.2775    0.2664  1.0866      0.99342    0.03002  0.01056   0.01721  0.00081   0.00026  0.00002  0.00006
 141   0.4418   55.00   0.2775    0.2662  1.0877      0.99343    0.03056  0.01056   0.01732  0.00083   0.00026  0.00002  0.00006
 142   0.4435   55.00   0.2775    0.2661  1.0887      0.99345    0.03111  0.01055   0.01743  0.00085   0.00026  0.00002  0.00006
 143   0.4453   55.00   0.2775    0.2660  1.0897      0.99347    0.03167  0.01055   0.01753  0.00087   0.00026  0.00002  0.00007
 144   0.4472   55.00   0.2775    0.2659  1.0908      0.99349    0.03224  0.01055   0.01763  0.00089   0.00026  0.00002  0.00007
 145   0.4491   55.00   0.2775    0.2657  1.0918      0.99351    0.03283  0.01054   0.01772  0.00091   0.00025  0.00002  0.00007
 146   0.4510   55.00   0.2775    0.2656  1.0928      0.99352    0.03342  0.01054   0.01781  0.00093   0.00025  0.00003  0.00007
 147   0.4530   55.00   0.2775    0.2655  1.0938      0.99354    0.03402  0.01054   0.01790  0.00095   0.00025  0.00003  0.00007
 148   0.4551   55.00   0.2775    0.2653  1.0949      0.99356    0.03463  0.01053   0.01797  0.00096   0.00025  0.00003  0.00007
 149   0.4572   55.00   0.2775    0.2652  1.0959      0.99357    0.03526  0.01053   0.01805  0.00098   0.00025  0.00003  0.00007
 150   0.4593   55.00   0.2775    0.2651  1.0969      0.99359    0.03589  0.01053   0.01811  0.00100   0.00024  0.00003  0.00007
 151   0.4616   55.00   0.2775    0.2650  1.0979      0.99361    0.03654  0.01052   0.01817  0.00102   0.00024  0.00003  0.00007
 152   0.4639   55.00   0.2775    0.2649  1.0989      0.99362    0.03720  0.01052   0.01823  0.00104   0.00024  0.00003  0.00008
 153   0.4662   55.00   0.2775    0.2647  1.0999      0.99364    0.03787  0.01051   0.01827  0.00106   0.00023  0.00003  0.00008
 154   0.4686   55.00   0.2775    0.2646  1.1009      0.99365    0.03855  0.01051   0.01832  0.00107   0.00023  0.00003  0.00008
 155   0.4711   55.00   0.2775    0.2645  1.1019      0.99367    0.03924  0.01051   0.01835  0.00109   0.00023  0.00003  0.00008
 156   0.4736   55.00   0.2775    0.2644  1.1029      0.99368    0.03995  0.01050   0.01838  0.00111   0.00022  0.00003  0.00008
 157   0.4762   55.00   0.2775    0.2642  1.1038      0.99370    0.04067  0.01050   0.01840  0.00113   0.00022  0.00004  0.00008
 158   0.4789   55.00   0.2775    0.2641  1.1048      0.99371    0.04140  0.01049   0.01842  0.00114   0.00021  0.00004  0.00008
 159   0.4817   55.00   0.2775    0.2640  1.1058      0.99373    0.04215  0.01049   0.01842  0.00116   0.00021  0.00004  0.00009
 160   0.4845   55.00   0.2775    0.2639  1.1068      0.99374    0.04291  0.01048   0.01842  0.00118   0.00020  0.00004  0.00009
 161   0.4873   55.00   0.2775    0.2638  1.1077      0.99375    0.04369  0.01048   0.01842  0.00119   0.00020  0.00004  0.00009
 162   0.4903   55.00   0.2775    0.2636  1.1087      0.99377    0.04447  0.01047   0.01840  0.00121   0.00019  0.00004  0.00009
 163   0.4933   55.00   0.2775    0.2635  1.1096      0.99378    0.04528  0.01046   0.01838  0.00122   0.00019  0.00004  0.00009
 164   0.4964   55.00   0.2775    0.2634  1.1106      0.99379    0.04609  0.01046   0.01835  0.00124   0.00018  0.00004  0.00009
 165   0.4996   55.00   0.2775    0.2633  1.1116      0.99381    0.04693  0.01045   0.01838  0.00125   0.00017  0.00004  0.00009
 166   0.5028   55.00   0.2775    0.2631  1.1127      0.99382    0.04777  0.01045   0.01843  0.00127   0.00017  0.00005  0.00009
 167   0.5062   55.00   0.2775    0.2630  1.1137      0.99384    0.04863  0.01044   0.01847  0.00129   0.00016  0.00005  0.00009
 168   0.5099   55.00   0.2775    0.2629  1.1150      0.99386    0.04960  0.01043   0.01855  0.00130   0.00015  0.00005  0.00010
 169   0.5134   55.00   0.2775    0.2627  1.1163      0.99388    0.05059  0.01043   0.01861  0.00132   0.00015  0.00005  0.00010
 170   0.5170   55.00   0.2775    0.2625  1.1176      0.99390    0.05159  0.01042   0.01867  0.00134   0.00014  0.00005  0.00010
 171   0.5207   55.00   0.2775    0.2624  1.1189      0.99392    0.05262  0.01041   0.01872  0.00136   0.00013  0.00005  0.00010
 172   0.5245   55.00   0.2775    0.2622  1.1202      0.99394    0.05367  0.01040   0.01877  0.00138   0.00013  0.00005  0.00010
 173   0.5285   55.00   0.2775    0.2620  1.1215      0.99396    0.05474  0.01040   0.01880  0.00141   0.00012  0.00005  0.00009
 174   0.5325   55.00   0.2775    0.2619  1.1228      0.99399    0.05583  0.01039   0.01883  0.00143   0.00011  0.00005  0.00009
 175   0.5367   55.00   0.2775    0.2617  1.1242      0.99401    0.05695  0.01038   0.01885  0.00146   0.00010  0.00005  0.00009
 176   0.5410   55.00   0.2775    0.2616  1.1255      0.99403    0.05808  0.01038   0.01886  0.00148   0.00010  0.00005  0.00008
 177   0.5453   55.00   0.2775    0.2614  1.1268      0.99406    0.05924  0.01037   0.01887  0.00151   0.00009  0.00005  0.00008
 178   0.5499   55.00   0.2775    0.2612  1.1281      0.99408    0.06042  0.01036   0.01886  0.00153   0.00008  0.00005  0.00007
 179   0.5545   55.00   0.2775    0.2611  1.1295      0.99410    0.06162  0.01035   0.01885  0.00156   0.00007  0.00005  0.00007
 180   0.5592   55.00   0.2775    0.2609  1.1308      0.99412    0.06284  0.01034   0.01883  0.00158   0.00006  0.00005  0.00007
 181   0.5641   55.00   0.2775    0.2607  1.1321      0.99413    0.06409  0.01033   0.01880  0.00160   0.00005  0.00005  0.00007
 182   0.5691   55.00   0.2775    0.2606  1.1334      0.99415    0.06536  0.01032   0.01876  0.00162   0.00004  0.00005  0.00006
 183   0.5743   55.00   0.2775    0.2604  1.1348      0.99417    0.06665  0.01031   0.01871  0.00164   0.00003  0.00005  0.00006
 184   0.5795   55.00   0.2775    0.2602  1.1361      0.99418    0.06797  0.01030   0.01865  0.00166   0.00002  0.00005  0.00006
 185   0.5849   55.00   0.2775    0.2600  1.1374      0.99420    0.06930  0.01029   0.01858  0.00168   0.00000  0.00005  0.00005
 186   0.5904   55.00   0.2775    0.2599  1.1387      0.99421    0.07067  0.01028   0.01850  0.00170  -0.00001  0.00005  0.00005
 187   0.5961   55.00   0.2775    0.2597  1.1400      0.99422    0.07205  0.01026   0.01841  0.00171  -0.00002  0.00005  0.00005
 188   0.6019   55.00   0.2775    0.2595  1.1413      0.99423    0.07346  0.01025   0.01831  0.00173  -0.00004  0.00005  0.00005
 189   0.6078   55.00   0.2775    0.2594  1.1427      0.99424    0.07489  0.01024   0.01820  0.00175  -0.00005  0.00005  0.00004
 190   0.6140   55.00   0.2775    0.2591  1.1451      0.99427    0.07690  0.01022   0.01821  0.00178  -0.00007  0.00005  0.00004
 191   0.6203   55.00   0.2775    0.2587  1.1478      0.99431    0.07911  0.01020   0.01823  0.00182  -0.00008  0.00005  0.00004
 192   0.6268   55.00   0.2775    0.2584  1.1505      0.99435    0.08138  0.01018   0.01824  0.00186  -0.00010  0.00005  0.00004
 193   0.6335   55.00   0.2775    0.2581  1.1533      0.99438    0.08368  0.01016   0.01822  0.00190  -0.00012  0.00005  0.00004
 194   0.6403   55.00   0.2775    0.2577  1.1560      0.99441    0.08604  0.01014   0.01818  0.00194  -0.00014  0.00006  0.00004
 195   0.6475   55.00   0.2775    0.2574  1.1587      0.99444    0.08844  0.01012   0.01812  0.00197  -0.00016  0.00006  0.00004
 196   0.6548   55.00   0.2775    0.2571  1.1615      0.99447    0.09089  0.01009   0.01804  0.00201  -0.00019  0.00006  0.00004
 197   0.6624   55.00   0.2775    0.2567  1.1643      0.99451    0.09340  0.01006   0.01793  0.00205  -0.00022  0.00006  0.00003
 198   0.6702   55.00   0.2775    0.2564  1.1674      0.99457    0.09594  0.01003   0.01800  0.00211  -0.00025  0.00007  0.00003
 199   0.6782   55.00   0.2775    0.2560  1.1705      0.99463    0.09854  0.01000   0.01805  0.00216  -0.00027  0.00007  0.00003
 200   0.6864   55.00   0.2775    0.2556  1.1736      0.99469    0.10119  0.00998   0.01809  0.00222  -0.00030  0.00007  0.00003
 201   0.6949   55.00   0.2775    0.2552  1.1767      0.99474    0.10389  0.00995   0.01811  0.00226  -0.00033  0.00008  0.00002
 202   0.7037   55.00   0.2775    0.2546  1.1815      0.99484    0.10753  0.00991   0.01826  0.00235  -0.00037  0.00009  0.00002
 203   0.7127   55.00   0.2775    0.2540  1.1866      0.99493    0.11142  0.00987   0.01842  0.00243  -0.00040  0.00009  0.00001
 204   0.7221   55.00   0.2775    0.2534  1.1917      0.99502    0.11539  0.00982   0.01855  0.00252  -0.00044  0.00010  0.00001
 205   0.7318   55.00   0.2775    0.2528  1.1968      0.99511    0.11945  0.00978   0.01866  0.00260  -0.00049  0.00010  0.00000
 206   0.7418   55.00   0.2775    0.2522  1.2019      0.99519    0.12358  0.00974   0.01874  0.00267  -0.00053  0.00011 -0.00001
 207   0.7522   55.00   0.2775    0.2516  1.2070      0.99526    0.12780  0.00969   0.01878  0.00274  -0.00057  0.00012 -0.00001
 208   0.7630   55.00   0.2775    0.2510  1.2123      0.99534    0.13209  0.00964   0.01880  0.00281  -0.00062  0.00012 -0.00002
 209   0.7740   55.00   0.2775    0.2503  1.2180      0.99543    0.13662  0.00959   0.01879  0.00290  -0.00068  0.00013 -0.00003
 210   0.7855   55.00   0.2775    0.2494  1.2261      0.99557    0.14262  0.00951   0.01893  0.00305  -0.00075  0.00014 -0.00005
 211   0.7974   55.00   0.2775    0.2484  1.2342      0.99569    0.14874  0.00943   0.01901  0.00318  -0.00084  0.00016 -0.00007
 212   0.8098   55.00   0.2775    0.2475  1.2423      0.99581    0.15498  0.00934   0.01904  0.00330  -0.00093  0.00017 -0.00009
 213   0.8227   55.00   0.2775    0.2466  1.2504      0.99591    0.16134  0.00924   0.01901  0.00341  -0.00103  0.00018 -0.00011
 214   0.8360   55.00   0.2775    0.2456  1.2586      0.99599    0.16781  0.00914   0.01893  0.00351  -0.00114  0.00019 -0.00013
 215   0.8498   55.00   0.2775    0.2445  1.2688      0.99615    0.17539  0.00901   0.01886  0.00366  -0.00127  0.00021 -0.00016
 216   0.8642   55.00   0.2775    0.2431  1.2808      0.99637    0.18393  0.00887   0.01906  0.00386  -0.00140  0.00024 -0.00018
 217   0.8792   55.00   0.2775    0.2418  1.2930      0.99660    0.19261  0.00872   0.01930  0.00407  -0.00153  0.00026 -0.00020
 218   0.8949   55.00   0.2775    0.2404  1.3052      0.99681    0.20144  0.00857   0.01950  0.00425  -0.00167  0.00029 -0.00023
 219   0.9111   55.00   0.2775    0.2389  1.3187      0.99704    0.21113  0.00840   0.01970  0.00445  -0.00183  0.00031 -0.00025
 220   0.9280   55.00   0.2775    0.2371  1.3357      0.99734    0.22257  0.00815   0.01992  0.00474  -0.00208  0.00035 -0.00031
 221   0.9457   55.00   0.2775    0.2352  1.3528      0.99763    0.23415  0.00789   0.02005  0.00500  -0.00235  0.00039 -0.00037
 222   0.9642   55.00   0.2775    0.2334  1.3698      0.99788    0.24587  0.00761   0.02010  0.00524  -0.00262  0.00043 -0.00044
 223   0.9834   55.00   0.2775    0.2310  1.3926      0.99825    0.26069  0.00723   0.02019  0.00558  -0.00302  0.00050 -0.00054
 224   1.0036   55.00   0.2775    0.2286  1.4162      0.99860    0.27578  0.00680   0.02012  0.00590  -0.00347  0.00056 -0.00067
 225   1.0248   55.00   0.2775    0.2261  1.4408      0.99892    0.29163  0.00633   0.01995  0.00620  -0.00396  0.00063 -0.00080
 226   1.0469   55.00   0.2775    0.2230  1.4716      0.99932    0.31042  0.00568   0.01964  0.00657  -0.00467  0.00073 -0.00102
 227   1.0702   55.00   0.2775    0.2200  1.5026      0.99964    0.32921  0.00498   0.01908  0.00687  -0.00546  0.00084 -0.00126
 228   1.0946   55.00   0.2775    0.2163  1.5413      1.00005    0.35155  0.00404   0.01826  0.00721  -0.00651  0.00097 -0.00164
 229   1.1203   55.00   0.2775    0.2125  1.5814      1.00038    0.37424  0.00297   0.01705  0.00744  -0.00773  0.00112 -0.00209
 230   1.1473   55.00   0.2775    0.2078  1.6335      1.00089    0.40153  0.00156   0.01590  0.00787  -0.00937  0.00133 -0.00277
 231   1.1758   55.00   0.2775    0.2029  1.6895      1.00137    0.42981 -0.00006   0.01446  0.00824  -0.01127  0.00157 -0.00360
 232   1.2059   55.00   0.2775    0.1972  1.7583      1.00185    0.46208 -0.00225   0.01217  0.00852  -0.01390  0.00188 -0.00481
 233   1.2377   55.00   0.2775    0.1907  1.8413      1.00217    0.49824 -0.00517   0.00866  0.00856  -0.01750  0.00228 -0.00656
 234   1.2714   55.00   0.2775    0.1833  1.9406      1.00216    0.53796 -0.00907   0.00346  0.00814  -0.02244  0.00275 -0.00910
 235   1.3064   55.00   0.2775    0.1759  2.0464      1.00167    0.57679 -0.01368  -0.00342  0.00706  -0.02845  0.00325 -0.01237
 236   1.3377   55.00   0.2775    0.1759  2.0433      1.00087    0.57900 -0.01387  -0.00509  0.00619  -0.02872  0.00319 -0.01260
 237   1.3741   55.00   0.2775    0.1759  2.0405      1.00010    0.58099 -0.01406  -0.00673  0.00534  -0.02898  0.00312 -0.01282
 238   1.4096   55.00   0.2775    0.1759  2.0379      0.99935    0.58280 -0.01425  -0.00832  0.00453  -0.02925  0.00306 -0.01304
 239   1.4444   55.00   0.2775    0.1759  2.0355      0.99862    0.58444 -0.01443  -0.00988  0.00373  -0.02950  0.00301 -0.01326
 240   1.4784   55.00   0.2775    0.1760  2.0332      0.99791    0.58594 -0.01462  -0.01141  0.00295  -0.02976  0.00295 -0.01347
 241   1.5118   55.00   0.2775    0.1760  2.0313      0.99757    0.58732 -0.01468  -0.01209  0.00259  -0.02984  0.00293 -0.01357
 242   1.5444   55.00   0.2775    0.1760  2.0296      0.99725    0.58859 -0.01474  -0.01276  0.00224  -0.02993  0.00291 -0.01366
 243   1.5765   55.00   0.2775    0.1760  2.0279      0.99693    0.58975 -0.01480  -0.01342  0.00189  -0.03001  0.00289 -0.01376
 244   1.6080   55.00   0.2775    0.1760  2.0264      0.99662    0.59084 -0.01487  -0.01408  0.00155  -0.03010  0.00288 -0.01385
 245   1.6389   55.00   0.2775    0.1760  2.0250      0.99632    0.59184 -0.01493  -0.01472  0.00122  -0.03020  0.00286 -0.01395
 246   1.6693   55.00   0.2775    0.1760  2.0237      0.99602    0.59278 -0.01500  -0.01536  0.00090  -0.03029  0.00284 -0.01404
 247   1.6992   55.00   0.2775    0.1760  2.0224      0.99573    0.59365 -0.01507  -0.01598  0.00057  -0.03038  0.00283 -0.01414
 248   1.7286   55.00   0.2775    0.1760  2.0212      0.99544    0.59446 -0.01514  -0.01660  0.00026  -0.03048  0.00281 -0.01424
 249   1.7575   55.00   0.2775    0.1760  2.0201      0.99516    0.59523 -0.01521  -0.01721 -0.00005  -0.03058  0.00280 -0.01433
 250   1.7861   55.00   0.2775    0.1760  2.0191      0.99488    0.59594 -0.01528  -0.01782 -0.00035  -0.03068  0.00278 -0.01442
 251   1.8142   55.00   0.2775    0.1761  2.0181      0.99461    0.59662 -0.01535  -0.01841 -0.00065  -0.03077  0.00277 -0.01452
 252   1.8418   55.00   0.2775    0.1761  2.0171      0.99434    0.59725 -0.01543  -0.01900 -0.00095  -0.03087  0.00276 -0.01461
 253   1.8691   55.00   0.2775    0.1761  2.0162      0.99408    0.59785 -0.01550  -0.01959 -0.00124  -0.03097  0.00274 -0.01471
 254   1.8961   55.00   0.2775    0.1761  2.0154      0.99382    0.59842 -0.01557  -0.02016 -0.00153  -0.03107  0.00273 -0.01480
 255   1.9227   55.00   0.2775    0.1761  2.0146      0.99368    0.59896 -0.01560  -0.02045 -0.00168  -0.03111  0.00272 -0.01484
 256   1.9489   55.00   0.2775    0.1761  2.0139      0.99356    0.59947 -0.01562  -0.02071 -0.00181  -0.03114  0.00272 -0.01487
 257   1.9748   55.00   0.2775    0.1761  2.0132      0.99344    0.59995 -0.01564  -0.02096 -0.00195  -0.03118  0.00271 -0.01491
 258   2.0004   55.00   0.2775    0.1761  2.0125      0.99333    0.60041 -0.01566  -0.02121 -0.00208  -0.03121  0.00270 -0.01494
 259   2.0256   55.00   0.2775    0.1761  2.0118      0.99321    0.60085 -0.01568  -0.02146 -0.00221  -0.03125  0.00270 -0.01497
 260   2.0506   55.00   0.2775    0.1761  2.0112      0.99310    0.60126 -0.01570  -0.02171 -0.00234  -0.03128  0.00269 -0.01501
 261   2.0753   55.00   0.2775    0.1761  2.0106      0.99298    0.60166 -0.01572  -0.02196 -0.00247  -0.03132  0.00268 -0.01504
 262   2.0997   55.00   0.2775    0.1761  2.0101      0.99287    0.60204 -0.01575  -0.02220 -0.00260  -0.03136  0.00268 -0.01508
 263   2.1239   55.00   0.2775    0.1762  2.0095      0.99276    0.60240 -0.01577  -0.02245 -0.00272  -0.03139  0.00267 -0.01511
 264   2.1478   55.00   0.2775    0.1762  2.0090      0.99265    0.60275 -0.01580  -0.02269 -0.00285  -0.03143  0.00267 -0.01515
 265   2.1714   55.00   0.2775    0.1762  2.0085      0.99254    0.60308 -0.01582  -0.02293 -0.00297  -0.03147  0.00266 -0.01519
 266   2.1948   55.00   0.2775    0.1762  2.0080      0.99243    0.60340 -0.01585  -0.02317 -0.00309  -0.03151  0.00266 -0.01522
 267   2.2179   55.00   0.2775    0.1762  2.0076      0.99233    0.60371 -0.01587  -0.02340 -0.00321  -0.03155  0.00265 -0.01526
 268   2.2409   55.00   0.2775    0.1762  2.0072      0.99222    0.60400 -0.01590  -0.02364 -0.00333  -0.03159  0.00265 -0.01529
 269   2.2635   55.00   0.2775    0.1762  2.0067      0.99212    0.60428 -0.01592  -0.02387 -0.00345  -0.03163  0.00264 -0.01533
 270   2.2860   55.00   0.2775    0.1762  2.0063      0.99201    0.60455 -0.01595  -0.02410 -0.00357  -0.03167  0.00264 -0.01536
 271   2.3083   55.00   0.2775    0.1762  2.0059      0.99191    0.60481 -0.01598  -0.02434 -0.00369  -0.03171  0.00263 -0.01540
 272   2.3304   55.00   0.2775    0.1762  2.0056      0.99181    0.60506 -0.01600  -0.02456 -0.00381  -0.03175  0.00263 -0.01544
 273   2.3522   55.00   0.2775    0.1762  2.0052      0.99171    0.60531 -0.01603  -0.02479 -0.00392  -0.03179  0.00262 -0.01547
 274   2.3739   55.00   0.2775    0.1762  2.0049      0.99161    0.60554 -0.01606  -0.02502 -0.00403  -0.03184  0.00262 -0.01551
 275   2.3954   55.00   0.2775    0.1762  2.0045      0.99151    0.60576 -0.01609  -0.02524 -0.00415  -0.03188  0.00261 -0.01554
 276   2.4166   55.00   0.2775    0.1762  2.0042      0.99144    0.60598 -0.01610  -0.02538 -0.00422  -0.03190  0.00261 -0.01557
 277   2.4378   55.00   0.2775    0.1762  2.0039      0.99139    0.60619 -0.01611  -0.02548 -0.00427  -0.03192  0.00261 -0.01559
 278   2.4587   55.00   0.2775    0.1762  2.0036      0.99134    0.60639 -0.01612  -0.02558 -0.00433  -0.03194  0.00261 -0.01562
 279   2.4794   55.00   0.2775    0.1762  2.0033      0.99129    0.60659 -0.01613  -0.02568 -0.00438  -0.03196  0.00260 -0.01564
 280   2.5000   55.00   0.2775    0.1762  2.0030      0.99124    0.60678 -0.01614  -0.02579 -0.00443  -0.03198  0.00260 -0.01566
 281   2.5205   55.00   0.2775    0.1762  2.0027      0.99119    0.60697 -0.01614  -0.02589 -0.00449  -0.03200  0.00260 -0.01569
 282   2.5407   55.00   0.2775    0.1762  2.0024      0.99114    0.60714 -0.01615  -0.02599 -0.00454  -0.03202  0.00260 -0.01571
 283   2.5608   55.00   0.2775    0.1763  2.0022      0.99109    0.60732 -0.01616  -0.02609 -0.00459  -0.03204  0.00259 -0.01573
 284   2.5808   55.00   0.2775    0.1763  2.0019      0.99104    0.60748 -0.01617  -0.02618 -0.00464  -0.03206  0.00259 -0.01576
 285   2.6006   55.00   0.2775    0.1763  2.0017      0.99099    0.60765 -0.01619  -0.02628 -0.00469  -0.03208  0.00259 -0.01578
 286   2.6203   55.00   0.2775    0.1763  2.0015      0.99094    0.60780 -0.01620  -0.02638 -0.00474  -0.03210  0.00259 -0.01580
 287   2.6398   55.00   0.2775    0.1763  2.0012      0.99089    0.60796 -0.01621  -0.02648 -0.00479  -0.03212  0.00259 -0.01583
 288   2.6592   55.00   0.2775    0.1763  2.0010      0.99084    0.60811 -0.01622  -0.02658 -0.00485  -0.03214  0.00259 -0.01585
 289   2.6784   55.00   0.2775    0.1763  2.0008      0.99080    0.60825 -0.01623  -0.02668 -0.00490  -0.03216  0.00258 -0.01587
 290   2.6975   55.00   0.2775    0.1763  2.0006      0.99075    0.60839 -0.01624  -0.02677 -0.00495  -0.03218  0.00258 -0.01590
 291   2.7165   55.00   0.2775    0.1763  2.0004      0.99070    0.60853 -0.01625  -0.02687 -0.00500  -0.03220  0.00258 -0.01592
 292   2.7353   55.00   0.2775    0.1763  2.0002      0.99066    0.60866 -0.01626  -0.02697 -0.00505  -0.03222  0.00258 -0.01594
 293   2.7541   55.00   0.2775    0.1763  2.0000      0.99061    0.60879 -0.01627  -0.02706 -0.00509  -0.03225  0.00258 -0.01597
 294   2.7727   55.00   0.2775    0.1763  1.9998      0.99056    0.60892 -0.01629  -0.02716 -0.00514  -0.03227  0.00257 -0.01599
 295   2.7911   55.00   0.2775    0.1763  1.9996      0.99052    0.60904 -0.01630  -0.02725 -0.00519  -0.03229  0.00257 -0.01601
 296   2.8095   55.00   0.2775    0.1763  1.9994      0.99047    0.60916 -0.01631  -0.02735 -0.00524  -0.03231  0.00257 -0.01604
 297   2.8277   55.00   0.2775    0.1763  1.9993      0.99043    0.60927 -0.01632  -0.02744 -0.00529  -0.03233  0.00257 -0.01606
 298   2.8458   55.00   0.2775    0.1763  1.9991      0.99038    0.60939 -0.01633  -0.02754 -0.00534  -0.03235  0.00257 -0.01608
 299   2.8639   55.00   0.2775    0.1763  1.9989      0.99034    0.60950 -0.01635  -0.02763 -0.00539  -0.03238  0.00257 -0.01611
 300   2.8818   55.00   0.2775    0.1763  1.9988      0.99029    0.60961 -0.01636  -0.02773 -0.00543  -0.03240  0.00257 -0.01613
 301   2.8995   55.00   0.2775    0.1763  1.9986      0.99025    0.60971 -0.01637  -0.02782 -0.00548  -0.03242  0.00256 -0.01615
 302   2.9172   55.00   0.2775    0.1763  1.9985      0.99020    0.60981 -0.01638  -0.02791 -0.00553  -0.03244  0.00256 -0.01618
 303   2.9348   55.00   0.2775    0.1763  1.9983      0.99016    0.60992 -0.01639  -0.02801 -0.00557  -0.03246  0.00256 -0.01620
 304   2.9523   55.00   0.2775    0.1763  1.9982      0.99011    0.61001 -0.01641  -0.02810 -0.00562  -0.03249  0.00256 -0.01622
 305   2.9696   55.00   0.2775    0.1763  1.9980      0.99007    0.61011 -0.01642  -0.02819 -0.00567  -0.03251  0.00256 -0.01625
 306   2.9869   55.00   0.2775    0.1763  1.9979      0.99003    0.61020 -0.01643  -0.02828 -0.00571  -0.03253  0.00256 -0.01627
 307   3.0041   55.00   0.2775    0.1763  1.9978      0.98999    0.61029 -0.01644  -0.02837 -0.00576  -0.03255  0.00256 -0.01629
 308   3.0212   55.00   0.2775    0.1763  1.9976      0.98995    0.61038 -0.01645  -0.02844 -0.00580  -0.03257  0.00255 -0.01631
 309   3.0381   55.00   0.2775    0.1763  1.9975      0.98992    0.61047 -0.01645  -0.02849 -0.00582  -0.03258  0.00255 -0.01633
 310   3.0550   55.00   0.2775    0.1763  1.9974      0.98989    0.61056 -0.01645  -0.02853 -0.00584  -0.03259  0.00255 -0.01635
 311   3.0718   55.00   0.2775    0.1763  1.9973      0.98986    0.61064 -0.01646  -0.02857 -0.00586  -0.03260  0.00255 -0.01636
 312   3.0885   55.00   0.2775    0.1763  1.9971      0.98983    0.61072 -0.01646  -0.02861 -0.00588  -0.03261  0.00255 -0.01638
 313   3.1052   55.00   0.2775    0.1763  1.9970      0.98980    0.61080 -0.01646  -0.02865 -0.00591  -0.03262  0.00255 -0.01640
 314   3.1217   55.00   0.2775    0.1763  1.9969      0.98977    0.61088 -0.01646  -0.02869 -0.00593  -0.03263  0.00255 -0.01641
 315   3.1381   55.00   0.2775    0.1763  1.9968      0.98975    0.61096 -0.01646  -0.02873 -0.00595  -0.03264  0.00255 -0.01643
 316   3.1545   55.00   0.2775    0.1763  1.9967      0.98972    0.61103 -0.01646  -0.02877 -0.00597  -0.03265  0.00255 -0.01645
 317   3.1708   55.00   0.2775    0.1763  1.9966      0.98969    0.61111 -0.01646  -0.02881 -0.00599  -0.03266  0.00254 -0.01646
 318   3.1870   55.00   0.2775    0.1763  1.9965      0.98966    0.61118 -0.01647  -0.02885 -0.00601  -0.03267  0.00254 -0.01648
 319   3.2031   55.00   0.2775    0.1763  1.9964      0.98963    0.61125 -0.01647  -0.02889 -0.00604  -0.03268  0.00254 -0.01650
 320   3.2191   55.00   0.2775    0.1763  1.9963      0.98961    0.61132 -0.01647  -0.02893 -0.00606  -0.03269  0.00254 -0.01651
 321   3.2350   55.00   0.2775    0.1763  1.9962      0.98958    0.61139 -0.01647  -0.02897 -0.00608  -0.03270  0.00254 -0.01653
 322   3.2509   55.00   0.2775    0.1763  1.9961      0.98955    0.61145 -0.01647  -0.02901 -0.00610  -0.03271  0.00254 -0.01654
 323   3.2667   55.00   0.2775    0.1763  1.9960      0.98952    0.61152 -0.01648  -0.02905 -0.00612  -0.03273  0.00254 -0.01656
 324   3.2824   55.00   0.2775    0.1763  1.9959      0.98949    0.61158 -0.01648  -0.02909 -0.00614  -0.03274  0.00254 -0.01658
 325   3.2981   55.00   0.2775    0.1763  1.9958      0.98947    0.61165 -0.01648  -0.02913 -0.00616  -0.03275  0.00254 -0.01659
 326   3.3137   55.00   0.2775    0.1763  1.9957      0.98944    0.61171 -0.01648  -0.02917 -0.00618  -0.03276  0.00254 -0.01661
 327   3.3292   55.00   0.2775    0.1763  1.9957      0.98941    0.61177 -0.01648  -0.02921 -0.00620  -0.03277  0.00254 -0.01663
 328   3.3446   55.00   0.2775    0.1763  1.9956      0.98939    0.61183 -0.01649  -0.02925 -0.00623  -0.03278  0.00253 -0.01664
 329   3.3599   55.00   0.2775    0.1763  1.9955      0.98936    0.61189 -0.01649  -0.02928 -0.00625  -0.03279  0.00253 -0.01666
 330   3.3752   55.00   0.2775    0.1763  1.9954      0.98933    0.61195 -0.01649  -0.02932 -0.00627  -0.03280  0.00253 -0.01667
 331   3.3904   55.00   0.2775    0.1763  1.9953      0.98931    0.61200 -0.01649  -0.02936 -0.00629  -0.03281  0.00253 -0.01669
 332   3.4056   55.00   0.2775    0.1763  1.9953      0.98928    0.61206 -0.01650  -0.02940 -0.00631  -0.03282  0.00253 -0.01671
 333   3.4207   55.00   0.2775    0.1763  1.9952      0.98925    0.61211 -0.01650  -0.02944 -0.00633  -0.03283  0.00253 -0.01672
 334   3.4357   55.00   0.2775    0.1763  1.9951      0.98923    0.61217 -0.01650  -0.02948 -0.00635  -0.03285  0.00253 -0.01674
 335   3.4507   55.00   0.2775    0.1763  1.9950      0.98920    0.61222 -0.01650  -0.02952 -0.00637  -0.03286  0.00253 -0.01676
 336   3.4655   55.00   0.2775    0.1763  1.9950      0.98917    0.61227 -0.01651  -0.02956 -0.00639  -0.03287  0.00253 -0.01677
 337   3.4804   55.00   0.2775    0.1763  1.9949      0.98915    0.61232 -0.01651  -0.02960 -0.00641  -0.03288  0.00253 -0.01679
 338   3.4951   55.00   0.2775    0.1763  1.9948      0.98912    0.61237 -0.01651  -0.02964 -0.00643  -0.03289  0.00253 -0.01680
 339   3.5098   55.00   0.2775    0.1763  1.9948      0.98910    0.61242 -0.01652  -0.02967 -0.00645  -0.03290  0.00252 -0.01682
 340   3.5245   55.00   0.2775    0.1763  1.9947      0.98907    0.61247 -0.01652  -0.02971 -0.00647  -0.03291  0.00252 -0.01684
 341   3.5390   55.00   0.2775    0.1763  1.9946      0.98904    0.61252 -0.01652  -0.02975 -0.00649  -0.03292  0.00252 -0.01685
 342   3.5536   55.00   0.2775    0.1763  1.9946      0.98902    0.61256 -0.01653  -0.02979 -0.00651  -0.03294  0.00252 -0.01687
 343   3.5680   55.00   0.2775    0.1763  1.9945      0.98899    0.61261 -0.01653  -0.02983 -0.00653  -0.03295  0.00252 -0.01688
 344   3.5824   55.00   0.2775    0.1763  1.9945      0.98897    0.61265 -0.01653  -0.02987 -0.00655  -0.03296  0.00252 -0.01690
 345   3.5968   55.00   0.2775    0.1763  1.9944      0.98894    0.61270 -0.01653  -0.02990 -0.00657  -0.03297  0.00252 -0.01691
 346   3.6110   55.00   0.2775    0.1763  1.9943      0.98892    0.61274 -0.01654  -0.02994 -0.00659  -0.03298  0.00252 -0.01693
 347   3.6253   55.00   0.2775    0.1763  1.9943      0.98889    0.61279 -0.01654  -0.02998 -0.00661  -0.03299  0.00252 -0.01695
 348   3.6395   55.00   0.2775    0.1763  1.9942      0.98887    0.61283 -0.01654  -0.03002 -0.00663  -0.03300  0.00252 -0.01696
 349   3.6536   55.00   0.2775    0.1764  1.9942      0.98884    0.61287 -0.01655  -0.03006 -0.00665  -0.03302  0.00252 -0.01698
 350   3.6676   55.00   0.2775    0.1764  1.9941      0.98882    0.61291 -0.01655  -0.03009 -0.00667  -0.03303  0.00252 -0.01699
 351   3.6816   55.00   0.2775    0.1764  1.9941      0.98879    0.61295 -0.01655  -0.03013 -0.00669  -0.03304  0.00252 -0.01701
 352   3.6956   55.00   0.2775    0.1764  1.9940      0.98877    0.61299 -0.01656  -0.03017 -0.00671  -0.03305  0.00252 -0.01702
 353   3.7095   55.00   0.2775    0.1764  1.9940      0.98874    0.61303 -0.01656  -0.03021 -0.00673  -0.03306  0.00251 -0.01704
 354   3.7234   55.00   0.2775    0.1764  1.9939      0.98872    0.61307 -0.01656  -0.03024 -0.00675  -0.03307  0.00251 -0.01706
 355   3.7372   55.00   0.2775    0.1764  1.9939      0.98869    0.61311 -0.01657  -0.03028 -0.00677  -0.03308  0.00251 -0.01707
 356   3.7509   55.00   0.2775    0.1764  1.9938      0.98867    0.61315 -0.01657  -0.03029 -0.00678  -0.03309  0.00251 -0.01708
 357   3.7646   55.00   0.2775    0.1764  1.9938      0.98864    0.61318 -0.01657  -0.03031 -0.00678  -0.03309  0.00251 -0.01710
 358   3.7783   55.00   0.2775    0.1764  1.9937      0.98862    0.61322 -0.01656  -0.03032 -0.00679  -0.03309  0.00251 -0.01711
 359   3.7919   55.00   0.2775    0.1764  1.9937      0.98860    0.61326 -0.01656  -0.03034 -0.00680  -0.03309  0.00251 -0.01712
 360   3.2700   55.00   0.2775    0.2775  1.0000      0.99273    0.00000  0.01049   0.00000  0.00074   0.00001  0.00000  0.00000
